3.618 1699057539.033848
3.896 1699057539.134049
3.391 1699057539.2339835
3.126 1699057539.3354182
2.918 1699057539.4354525
2.791 1699057539.5397162
2.334 1699057539.635612
2.537 1699057539.7354321
3.384 1699057539.8354642
3.402 1699057539.9505115
3.827 1699057540.05205
3.775 1699057540.151391
3.74 1699057540.2521267
3.133 1699057540.351897
3.128 1699057540.4522638
3.816 1699057540.5669038
2.965 1699057540.6681676
2.562 1699057540.7686625
3.209 1699057540.8686452
3.689 1699057540.968729
3.774 1699057541.0686095
3.422 1699057541.1692028
3.488 1699057541.2676833
3.501 1699057541.3677714
3.492 1699057541.4681213
3.482 1699057541.5671878
3.47 1699057541.6678724
3.063 1699057541.767999
3.001 1699057541.868642
2.982 1699057541.96834
3.137 1699057542.0687027
2.464 1699057542.1694436
2.478 1699057542.2689598
2.656 1699057542.36762
3.28 1699057542.4687848
3.271 1699057542.5726504
3.664 1699057542.6694343
3.896 1699057542.7687588
3.908 1699057542.8688285
3.913 1699057542.9690664
3.67 1699057543.0691085
3.563 1699057543.1694114
3.668 1699057543.2691395
3.149 1699057543.3691118
2.956 1699057543.4676309
3.0 1699057543.5688796
3.335 1699057543.6694016
3.276 1699057543.7694159
2.491 1699057543.8676987
2.376 1699057543.9721582
2.534 1699057544.0670948
3.296 1699057544.1678646
3.657 1699057544.2675297
3.279 1699057544.3689594
3.609 1699057544.4686363
3.737 1699057544.5688062
3.176 1699057544.6695313
3.049 1699057544.767431
3.162 1699057544.8676105
3.644 1699057544.9701617
3.583 1699057545.0675094
2.858 1699057545.1677833
2.326 1699057545.2678819
2.789 1699057545.3698099
3.848 1699057545.4688668
3.871 1699057545.5687013
3.734 1699057545.6689441
3.758 1699057545.7687762
3.413 1699057545.8686388
3.417 1699057545.9721434
3.783 1699057546.0684953
3.214 1699057546.1694841
3.118 1699057546.2686138
3.036 1699057546.3675241
3.343 1699057546.4671273
3.4 1699057546.567613
3.282 1699057546.6678922
2.641 1699057546.767579
2.459 1699057546.8671665
2.463 1699057546.9733286
3.316 1699057547.068741
3.586 1699057547.1689565
3.7 1699057547.268458
3.674 1699057547.3685627
3.708 1699057547.468707
3.754 1699057547.5685763
3.267 1699057547.6690228
3.101 1699057547.768825
3.06 1699057547.8686078
3.294 1699057547.9685535
3.747 1699057548.0686343
3.761 1699057548.16907
3.163 1699057548.2685645
2.407 1699057548.3687923
2.485 1699057548.4686675
2.882 1699057548.5687532
3.646 1699057548.6689916
3.689 1699057548.7685199
3.652 1699057548.8677588
3.91 1699057548.9679615
3.372 1699057549.0683024
3.364 1699057549.1685543
3.042 1699057549.2674668
3.072 1699057549.3686016
3.089 1699057549.4686272
3.343 1699057549.5683959
3.645 1699057549.6688385
3.653 1699057549.7686195
2.997 1699057549.8683372
2.371 1699057549.968663
2.345 1699057550.0685925
2.965 1699057550.1691568
3.3 1699057550.2686281
3.008 1699057550.3684893
2.96 1699057550.468697
3.697 1699057550.5684767
3.671 1699057550.6706316
3.835 1699057550.7686858
3.711 1699057550.8685088
3.265 1699057550.9666874
2.686 1699057551.0670476
2.865 1699057551.1681123
3.182 1699057551.2685738
3.673 1699057551.3671634
3.734 1699057551.4672396
3.72 1699057551.5679
3.738 1699057551.6675768
3.434 1699057551.7674756
3.057 1699057551.8668892
3.031 1699057551.968603
3.131 1699057552.0685215
3.422 1699057552.169046
3.774 1699057552.268746
3.803 1699057552.3684692
3.357 1699057552.4684048
2.803 1699057552.5686762
2.388 1699057552.6686976
2.673 1699057552.7687306
3.235 1699057552.8688078
3.791 1699057552.9687138
3.709 1699057553.068483
3.758 1699057553.1687436
3.819 1699057553.268576
3.346 1699057553.368557
3.13 1699057553.4685566
3.077 1699057553.5685492
3.192 1699057553.6685646
3.795 1699057553.7684631
3.676 1699057553.867876
3.859 1699057553.9674656
3.378 1699057554.0668252
3.126 1699057554.167765
2.491 1699057554.2667534
2.466 1699057554.3677843
2.917 1699057554.4684212
3.347 1699057554.5682688
3.242 1699057554.6691077
2.947 1699057554.7685678
3.242 1699057554.8685398
3.751 1699057554.9685698
3.708 1699057555.0674956
3.812 1699057555.1681075
3.655 1699057555.2682538
3.693 1699057555.3684182
3.107 1699057555.467651
2.588 1699057555.5678701
2.84 1699057555.6687055
3.202 1699057555.7682016
3.69 1699057555.867879
3.694 1699057555.9700494
3.401 1699057556.0684156
3.119 1699057556.1687982
3.075 1699057556.2681777
2.948 1699057556.3683674
3.391 1699057556.4669898
3.38 1699057556.5669763
3.76 1699057556.6678457
3.671 1699057556.7678769
3.681 1699057556.8667567
3.153 1699057556.9681146
2.84 1699057557.0684779
2.44 1699057557.1688235
2.939 1699057557.2682192
3.263 1699057557.3681462
3.746 1699057557.4683187
3.319 1699057557.5680373
3.075 1699057557.6689558
3.097 1699057557.768058
3.297 1699057557.867639
3.791 1699057557.9682493
3.799 1699057558.0683799
3.362 1699057558.168545
3.701 1699057558.2682443
3.846 1699057558.368545
3.346 1699057558.4684024
3.18 1699057558.5681236
2.518 1699057558.6685424
3.007 1699057558.7683582
3.252 1699057558.868144
3.854 1699057558.9674864
3.413 1699057559.0672414
3.421 1699057559.1676028
3.026 1699057559.2670796
3.021 1699057559.3669105
2.981 1699057559.4673572
3.383 1699057559.5681293
3.863 1699057559.6704278
3.899 1699057559.7681558
3.398 1699057559.8686118
3.39 1699057559.9681845
3.399 1699057560.068945
3.136 1699057560.1688368
2.604 1699057560.2687826
2.048 1699057560.3681433
2.356 1699057560.468263
2.974 1699057560.5679185
3.69 1699057560.6685514
3.721 1699057560.7682152
3.669 1699057560.8683133
3.721 1699057560.9681134
3.37 1699057561.069258
3.662 1699057561.168624
3.144 1699057561.269466
2.999 1699057561.3681743
3.084 1699057561.467102
3.205 1699057561.5668728
3.759 1699057561.6678977
3.255 1699057561.7668138
3.053 1699057561.867151
3.057 1699057561.9672568
3.094 1699057562.0681462
3.432 1699057562.1684535
3.432 1699057562.2680838
3.737 1699057562.3680418
3.442 1699057562.4680157
3.854 1699057562.5678644
3.456 1699057562.6672559
3.008 1699057562.7667913
3.008 1699057562.8663342
2.434 1699057562.9666774
2.553 1699057563.0667617
2.553 1699057563.1674562
3.041 1699057563.2680345
3.88 1699057563.368031
3.913 1699057563.468314
3.908 1699057563.568185
3.776 1699057563.668392
3.918 1699057563.7670574
3.787 1699057563.867879
3.429 1699057563.96796
3.122 1699057564.0668583
3.042 1699057564.1674707
2.88 1699057564.266934
3.082 1699057564.366321
3.307 1699057564.4668567
3.387 1699057564.5665157
3.041 1699057564.6684003
3.102 1699057564.768274
3.096 1699057564.867762
3.434 1699057564.9694915
3.645 1699057565.067928
3.404 1699057565.168298
3.4 1699057565.2688143
3.768 1699057565.367882
3.734 1699057565.4683473
3.378 1699057565.5693035
3.149 1699057565.6682541
2.908 1699057565.767749
2.735 1699057565.8680582
3.137 1699057565.9677913
3.104 1699057566.0681818
3.199 1699057566.1681206
3.059 1699057566.2677853
3.047 1699057566.367727
3.788 1699057566.46833
3.815 1699057566.5694015
3.814 1699057566.667758
3.763 1699057566.766508
3.84 1699057566.866604
3.733 1699057566.9666903
3.733 1699057567.0666318
3.046 1699057567.1675262
3.02 1699057567.2676213
2.771 1699057567.3678033
3.121 1699057567.4677927
3.075 1699057567.5674193
3.187 1699057567.6679373
3.126 1699057567.767803
3.092 1699057567.8676324
3.395 1699057567.9680874
3.836 1699057568.0681877
3.88 1699057568.168277
3.872 1699057568.2677708
3.955 1699057568.3677018
3.865 1699057568.4677246
3.918 1699057568.5677972
3.271 1699057568.6668487
3.022 1699057568.7682533
3.188 1699057568.8677993
2.913 1699057568.9677699
3.051 1699057569.0678568
3.115 1699057569.168161
3.44 1699057569.2668598
3.094 1699057569.3666258
3.111 1699057569.4672632
3.053 1699057569.5660958
3.402 1699057569.6668255
3.829 1699057569.7667284
3.929 1699057569.8674996
3.821 1699057569.9675813
3.831 1699057570.0669074
3.378 1699057570.1679728
3.405 1699057570.2691386
3.155 1699057570.3677309
2.541 1699057570.4675846
2.14 1699057570.5675921
3.005 1699057570.667384
3.053 1699057570.7676978
3.158 1699057570.8685024
3.65 1699057570.9677749
3.364 1699057571.067662
3.405 1699057571.1677587
3.41 1699057571.2675889
3.789 1699057571.367555
3.053 1699057571.4676445
3.021 1699057571.5674915
3.289 1699057571.667003
3.156 1699057571.7669232
3.231 1699057571.8674395
3.009 1699057571.9825377
3.159 1699057572.0813806
3.186 1699057572.1802013
3.371 1699057572.266106
3.765 1699057572.3668556
3.448 1699057572.4676104
3.744 1699057572.5676084
3.752 1699057572.6672807
3.841 1699057572.7675877
3.475 1699057572.8674161
3.159 1699057572.96769
3.169 1699057573.0675182
2.709 1699057573.1678607
2.339 1699057573.2675624
2.636 1699057573.367533
3.199 1699057573.4676788
3.662 1699057573.567591
3.811 1699057573.6673996
3.74 1699057573.766848
3.743 1699057573.8672202
3.739 1699057573.9667394
3.876 1699057574.0677638
3.413 1699057574.1677322
3.004 1699057574.267301
3.119 1699057574.373128
3.66 1699057574.4672837
3.227 1699057574.5676854
3.147 1699057574.667168
3.147 1699057574.767318
3.002 1699057574.8677733
3.114 1699057574.9676945
3.422 1699057575.0680928
3.864 1699057575.1683373
3.925 1699057575.2685423
3.846 1699057575.3690116
3.852 1699057575.4694502
3.461 1699057575.5697649
3.456 1699057575.6698945
3.231 1699057575.769799
3.243 1699057575.8701894
3.199 1699057575.9701617
3.466 1699057576.0706553
3.223 1699057576.1708279
2.89 1699057576.2708013
2.503 1699057576.3710587
2.931 1699057576.4710672
3.318 1699057576.5714886
3.972 1699057576.6715658
3.847 1699057576.7717507
3.916 1699057576.871744
3.92 1699057576.9717445
3.836 1699057577.072001
3.746 1699057577.1719155
3.189 1699057577.271777
3.101 1699057577.3720047
3.097 1699057577.4720013
3.433 1699057577.5718791
3.415 1699057577.6718822
3.165 1699057577.7719283
2.722 1699057577.871981
2.809 1699057577.9721
3.237 1699057578.0719526
3.457 1699057578.1723928
3.834 1699057578.2725966
3.952 1699057578.3729043
3.825 1699057578.4733667
3.932 1699057578.573634
3.861 1699057578.6740067
3.204 1699057578.7739427
3.185 1699057578.8742018
2.808 1699057578.9742796
2.964 1699057579.074524
3.154 1699057579.1747959
3.104 1699057579.2751749
3.067 1699057579.3752024
3.149 1699057579.4660783
3.411 1699057579.565864
3.438 1699057579.6669421
3.442 1699057579.766001
3.385 1699057579.866578
3.06 1699057579.9659255
3.338 1699057580.0672266
3.814 1699057580.167719
3.818 1699057580.2674034
3.101 1699057580.3672602
2.635 1699057580.4674098
2.924 1699057580.567341
3.134 1699057580.6677518
3.328 1699057580.769839
3.367 1699057580.8691392
3.806 1699057580.9670033
3.449 1699057581.0669537
3.454 1699057581.1676173
3.835 1699057581.266609
3.198 1699057581.3663375
3.215 1699057581.4678738
3.072 1699057581.5674496
3.43 1699057581.6676462
3.776 1699057581.7672255
3.261 1699057581.8671682
3.212 1699057581.9668825
2.944 1699057582.0659256
2.976 1699057582.1670532
3.151 1699057582.265575
3.088 1699057582.3662217
3.394 1699057582.466652
3.766 1699057582.5670443
3.882 1699057582.6675415
3.887 1699057582.7670074
3.878 1699057582.8668613
3.429 1699057582.9672396
3.122 1699057583.0674226
3.073 1699057583.1673546
3.378 1699057583.2672417
3.396 1699057583.3671296
2.988 1699057583.4671595
2.644 1699057583.5672448
3.181 1699057583.667728
3.185 1699057583.7670283
3.835 1699057583.8669875
3.896 1699057583.9670596
3.471 1699057584.0679393
3.463 1699057584.1671295
3.066 1699057584.26698
3.161 1699057584.3671818
3.771 1699057584.4671543
3.819 1699057584.5664353
3.788 1699057584.6667316
3.459 1699057584.7663672
3.215 1699057584.8659527
2.73 1699057584.96602
3.065 1699057585.067035
3.14 1699057585.1670551
3.455 1699057585.2668312
3.828 1699057585.3668416
3.493 1699057585.467003
3.861 1699057585.5670547
3.489 1699057585.6675842
3.184 1699057585.767058
3.123 1699057585.8666744
3.112 1699057585.9669895
3.463 1699057586.0668588
3.889 1699057586.1681745
3.866 1699057586.2671065
3.464 1699057586.3668134
2.772 1699057586.4695027
2.521 1699057586.5666447
2.79 1699057586.667389
3.429 1699057586.7672708
3.965 1699057586.8667185
3.874 1699057586.9669824
3.871 1699057587.0662858
3.456 1699057587.1665492
3.274 1699057587.2661407
3.104 1699057587.3661044
3.462 1699057587.465429
3.895 1699057587.565605
3.832 1699057587.6672876
3.873 1699057587.7682765
3.487 1699057587.866726
3.233 1699057587.966998
2.606 1699057588.0669446
2.603 1699057588.167903
3.161 1699057588.266565
3.498 1699057588.3667703
3.848 1699057588.4667504
3.926 1699057588.5668242
3.488 1699057588.667371
3.229 1699057588.7667441
3.173 1699057588.8709424
3.177 1699057588.9670012
3.837 1699057589.0666747
3.387 1699057589.1661255
3.236 1699057589.2667968
3.4 1699057589.3669796
3.383 1699057589.467405
3.191 1699057589.5658433
3.146 1699057589.666922
3.472 1699057589.7655425
3.21 1699057589.8660834
3.066 1699057589.9665136
3.798 1699057590.0656936
3.802 1699057590.1672707
3.926 1699057590.2656326
3.935 1699057590.3667264
3.872 1699057590.4671652
3.462 1699057590.566778
2.613 1699057590.6668952
2.929 1699057590.7667863
3.24 1699057590.8667324
3.429 1699057590.9667296
3.874 1699057591.0663788
3.499 1699057591.1669574
3.541 1699057591.2667258
3.173 1699057591.366096
3.149 1699057591.4684398
3.194 1699057591.5666597
3.505 1699057591.6672478
3.921 1699057591.7665718
3.871 1699057591.8708403
3.854 1699057591.9667106
3.487 1699057592.0663755
3.157 1699057592.1663167
2.645 1699057592.2660444
2.568 1699057592.3655381
3.117 1699057592.46511
3.321 1699057592.5664346
3.868 1699057592.6669765
3.814 1699057592.7665985
3.748 1699057592.8667438
3.177 1699057592.966629
3.12 1699057593.068176
3.192 1699057593.1670406
3.865 1699057593.2666295
3.849 1699057593.3665445
4.015 1699057593.4667032
3.411 1699057593.5667365
3.143 1699057593.6669497
2.647 1699057593.7663636
3.088 1699057593.8664722
3.171 1699057593.9666615
3.852 1699057594.0668547
3.427 1699057594.167145
3.275 1699057594.2666516
3.406 1699057594.3666093
3.912 1699057594.4666204
3.908 1699057594.5659792
3.885 1699057594.6657438
3.554 1699057594.7652812
3.555 1699057594.8661458
3.848 1699057594.9653275
3.231 1699057595.0652597
2.663 1699057595.1665704
2.783 1699057595.2658834
3.207 1699057595.3664184
3.499 1699057595.466725
3.544 1699057595.5665166
3.528 1699057595.6654184
3.161 1699057595.7668865
3.174 1699057595.8667676
3.355 1699057595.9667978
3.835 1699057596.0666034
3.879 1699057596.1676145
3.903 1699057596.2663147
3.901 1699057596.366724
3.904 1699057596.4668176
3.487 1699057596.5666716
2.835 1699057596.6671147
2.671 1699057596.7680483
2.537 1699057596.8666902
3.46 1699057596.9665751
3.869 1699057597.066504
3.451 1699057597.166506
3.193 1699057597.2662187
3.071 1699057597.3655658
3.441 1699057597.4652386
3.833 1699057597.5649016
3.861 1699057597.6663861
3.83 1699057597.7665858
3.876 1699057597.866634
3.85 1699057597.9667397
3.904 1699057598.0668218
3.449 1699057598.1667721
2.794 1699057598.2665267
2.557 1699057598.3677282
2.925 1699057598.4666996
3.43 1699057598.56646
3.832 1699057598.6667497
2.98 1699057598.7665427
3.061 1699057598.8667622
3.032 1699057598.966599
