2.912 1699054462.3440466
3.483 1699054462.4540434
3.349 1699054462.5648546
2.625 1699054462.6649587
2.504 1699054462.7641678
1.969 1699054462.8582797
2.023 1699054462.9687424
1.964 1699054463.0764499
2.311 1699054463.1785712
1.971 1699054463.2818806
1.87 1699054463.3763592
1.895 1699054463.4766412
1.845 1699054463.5814917
1.808 1699054463.6769564
1.898 1699054463.7789261
1.869 1699054463.880533
1.9 1699054463.9910421
1.883 1699054464.086013
1.935 1699054464.18171
1.886 1699054464.2950742
1.888 1699054464.3896217
1.901 1699054464.5000737
1.845 1699054464.5940728
1.893 1699054464.6888185
1.641 1699054464.7970738
1.693 1699054464.891568
1.82 1699054465.0014093
1.773 1699054465.095024
1.799 1699054465.1892831
1.795 1699054465.2958746
1.71 1699054465.3902457
1.831 1699054465.50022
1.733 1699054465.5944765
1.817 1699054465.7045534
1.726 1699054465.7953997
1.823 1699054465.891559
1.809 1699054466.00261
1.824 1699054466.096879
2.163 1699054466.1909266
1.808 1699054466.297311
1.664 1699054466.3921037
1.742 1699054466.502357
1.684 1699054466.597052
1.74 1699054466.6913764
1.783 1699054466.7974172
1.816 1699054466.8943071
1.771 1699054466.9896746
1.662 1699054467.10015
1.666 1699054467.194491
1.54 1699054467.2986996
1.719 1699054467.3934093
1.687 1699054467.4896066
1.758 1699054467.5995574
1.815 1699054467.6937504
2.084 1699054467.796708
2.363 1699054467.8908489
2.284 1699054467.9915192
2.897 1699054468.102268
2.885 1699054468.1965818
2.894 1699054468.2976863
2.896 1699054468.392611
2.929 1699054468.494451
2.71 1699054468.5903447
2.28 1699054468.6988888
2.327 1699054468.7976696
1.83 1699054468.8925414
1.77 1699054468.9942153
1.637 1699054469.0913672
1.628 1699054469.1923978
1.902 1699054469.2950172
2.049 1699054469.3914754
1.747 1699054469.5003214
1.742 1699054469.5929563
1.753 1699054469.7031958
1.718 1699054469.795542
1.701 1699054469.8926303
1.713 1699054470.0011325
1.806 1699054470.0929153
1.741 1699054470.2037055
1.738 1699054470.297388
1.771 1699054470.393694
1.765 1699054470.5025363
1.769 1699054470.594946
1.727 1699054470.6945596
1.782 1699054470.797162
2.013 1699054470.8948326
1.778 1699054471.0020933
1.755 1699054471.096881
1.821 1699054471.1955743
1.795 1699054471.2970474
1.704 1699054471.3957174
1.794 1699054471.5013638
1.727 1699054471.596136
1.741 1699054471.696028
1.797 1699054471.796146
2.155 1699054471.8961961
2.452 1699054472.001504
3.014 1699054472.0966523
2.97 1699054472.1969695
2.964 1699054472.297031
2.906 1699054472.3971622
3.414 1699054472.4995847
2.949 1699054472.5977893
2.96 1699054472.6979911
2.915 1699054472.7981107
2.508 1699054472.8985229
2.833 1699054473.0020134
2.946 1699054473.0989888
2.72 1699054473.1991363
2.354 1699054473.2992995
1.944 1699054473.3994799
1.777 1699054473.50165
1.751 1699054473.5999942
1.708 1699054473.7001157
1.792 1699054473.8001611
1.776 1699054473.9001927
2.039 1699054474.0003533
2.013 1699054474.1008315
1.787 1699054474.2011077
1.736 1699054474.301044
1.912 1699054474.400973
1.838 1699054474.5009959
1.698 1699054474.6011186
1.754 1699054474.7011547
1.803 1699054474.8013518
1.802 1699054474.9013436
1.814 1699054475.0017278
1.82 1699054475.102047
1.827 1699054475.2022343
1.785 1699054475.3023927
1.696 1699054475.4027503
1.684 1699054475.4883292
2.26 1699054475.6029952
1.908 1699054475.6947782
1.783 1699054475.7963445
1.773 1699054475.894724
1.739 1699054475.98843
1.711 1699054476.0987558
1.779 1699054476.1930726
1.799 1699054476.2960098
1.749 1699054476.390688
1.818 1699054476.4905257
1.724 1699054476.5999434
1.733 1699054476.6941562
1.66 1699054476.7934296
1.731 1699054476.888523
1.789 1699054476.994073
1.796 1699054477.1011114
2.159 1699054477.1954381
1.764 1699054477.2978852
1.796 1699054477.3924172
1.78 1699054477.4928012
1.677 1699054477.603022
1.64 1699054477.6976957
1.673 1699054477.795865
1.8 1699054477.8904934
1.767 1699054478.0008886
1.672 1699054478.0896385
1.597 1699054478.1999002
1.651 1699054478.294816
1.646 1699054478.4042764
1.644 1699054478.4991975
2.083 1699054478.59039
2.629 1699054478.7011137
3.096 1699054478.7960343
2.945 1699054478.8905754
2.962 1699054479.0034506
2.918 1699054479.0935652
2.989 1699054479.2038264
3.051 1699054479.294397
2.95 1699054479.3892963
3.015 1699054479.499938
2.936 1699054479.5949779
2.929 1699054479.688496
3.018 1699054479.7963262
2.728 1699054479.8910837
2.373 1699054480.0038016
1.943 1699054480.0964854
1.989 1699054480.2060342
2.256 1699054480.2959805
1.872 1699054480.3904724
1.724 1699054480.5008674
1.811 1699054480.594826
1.768 1699054480.6920662
1.742 1699054480.796164
1.86 1699054480.8907533
1.749 1699054481.0009885
1.794 1699054481.096187
1.739 1699054481.1941624
1.777 1699054481.2959716
1.75 1699054481.390437
1.68 1699054481.500799
1.809 1699054481.5956345
1.67 1699054481.690497
1.805 1699054481.7931173
2.068 1699054481.9031105
1.748 1699054481.9983377
1.674 1699054482.0930672
1.779 1699054482.187404
1.777 1699054482.296807
1.823 1699054482.3920455
1.711 1699054482.5023713
1.724 1699054482.5968084
1.803 1699054482.6915739
1.772 1699054482.7949972
1.706 1699054482.889462
1.708 1699054482.9995263
1.771 1699054483.0942764
1.727 1699054483.1887968
1.697 1699054483.2961326
2.044 1699054483.3904233
1.77 1699054483.5005178
1.728 1699054483.595229
1.732 1699054483.689816
1.654 1699054483.797107
1.552 1699054483.8923466
1.642 1699054484.0030699
1.716 1699054484.0981412
1.644 1699054484.1937566
1.701 1699054484.293241
1.667 1699054484.3923469
1.659 1699054484.5025177
1.72 1699054484.5977323
1.708 1699054484.6922898
1.641 1699054484.7957175
1.653 1699054484.8899007
1.711 1699054484.989906
1.707 1699054485.1003392
1.663 1699054485.1957173
1.709 1699054485.2956357
2.193 1699054485.3898466
2.979 1699054485.4900396
2.918 1699054485.6003182
2.955 1699054485.6951616
2.99 1699054485.793833
3.007 1699054485.888677
2.918 1699054485.9919667
3.0 1699054486.1020365
2.949 1699054486.196457
3.028 1699054486.297007
2.533 1699054486.3911846
1.809 1699054486.4948199
2.271 1699054486.5889502
1.859 1699054486.6992753
1.782 1699054486.7934542
1.809 1699054486.9034789
1.758 1699054486.998514
1.756 1699054487.0881605
1.719 1699054487.1989782
1.743 1699054487.2967906
1.748 1699054487.3909497
1.768 1699054487.5001137
1.861 1699054487.5919135
1.687 1699054487.7018514
1.828 1699054487.7955222
1.733 1699054487.8896806
1.794 1699054487.9990218
2.006 1699054488.0975914
2.029 1699054488.1918795
1.803 1699054488.2961924
1.75 1699054488.3903878
1.793 1699054488.5009775
1.679 1699054488.595251
1.734 1699054488.6893165
1.725 1699054488.7953038
1.716 1699054488.889341
1.673 1699054488.9991586
1.708 1699054489.093977
1.777 1699054489.1905677
1.648 1699054489.2940164
1.77 1699054489.3879
1.712 1699054489.4983754
1.697 1699054489.593313
2.06 1699054489.6921377
1.761 1699054489.7959638
1.687 1699054489.889929
1.697 1699054490.0000424
1.647 1699054490.0946884
1.636 1699054490.1942277
1.708 1699054490.295593
2.156 1699054490.3900166
2.809 1699054490.5005531
2.837 1699054490.5947943
2.919 1699054490.6889024
2.924 1699054490.7954655
2.951 1699054490.8894029
2.988 1699054490.999135
3.0 1699054491.093795
3.092 1699054491.1878211
3.364 1699054491.2959766
3.069 1699054491.396256
3.067 1699054491.4904919
3.03 1699054491.6001525
2.716 1699054491.694459
1.916 1699054491.7939417
1.728 1699054491.8880212
1.781 1699054491.998162
1.749 1699054492.0923681
1.747 1699054492.1869948
1.74 1699054492.2939658
1.784 1699054492.390522
1.782 1699054492.5004787
1.759 1699054492.5950909
1.708 1699054492.6891649
2.045 1699054492.79518
2.008 1699054492.891649
1.762 1699054493.001404
1.718 1699054493.0957632
1.774 1699054493.1898615
1.782 1699054493.295733
1.748 1699054493.391708
1.798 1699054493.5010927
1.743 1699054493.595211
1.781 1699054493.6892922
1.723 1699054493.7956324
1.787 1699054493.8902338
1.725 1699054493.9889565
1.72 1699054494.0989747
1.791 1699054494.1932392
1.629 1699054494.2953455
2.234 1699054494.3894448
1.72 1699054494.4908104
1.771 1699054494.6006987
1.785 1699054494.6949518
1.766 1699054494.7938414
1.752 1699054494.8879879
1.778 1699054494.9928875
1.818 1699054495.1031442
1.775 1699054495.1974554
1.78 1699054495.2975247
1.762 1699054495.3917308
1.768 1699054495.5009575
1.677 1699054495.588608
1.705 1699054495.698139
1.697 1699054495.796448
1.731 1699054495.8906345
1.757 1699054496.000977
1.768 1699054496.0966346
1.773 1699054496.1995776
1.666 1699054496.2989268
1.693 1699054496.393263
1.719 1699054496.488552
1.774 1699054496.5914338
1.674 1699054496.7008646
1.65 1699054496.79659
1.705 1699054496.890625
1.743 1699054497.0031269
1.742 1699054497.0936594
2.52 1699054497.188007
2.951 1699054497.292521
2.996 1699054497.4028301
3.048 1699054497.4969618
3.547 1699054497.5916421
2.953 1699054497.689638
3.151 1699054497.7949717
3.097 1699054497.8894026
3.019 1699054497.9991317
3.029 1699054498.0932882
3.088 1699054498.191388
3.067 1699054498.297348
2.58 1699054498.391467
1.854 1699054498.5016003
1.796 1699054498.595813
1.713 1699054498.6937885
1.821 1699054498.7955923
1.826 1699054498.8899882
1.832 1699054498.9998255
1.997 1699054499.0955977
2.008 1699054499.189248
1.732 1699054499.2968705
1.693 1699054499.3908753
1.786 1699054499.500669
1.708 1699054499.594847
1.72 1699054499.6891491
1.8 1699054499.7918565
1.722 1699054499.9014735
1.636 1699054499.99601
1.669 1699054500.0905743
1.802 1699054500.2003777
1.754 1699054500.2970655
1.782 1699054500.391628
1.701 1699054500.501531
1.769 1699054500.5953844
2.078 1699054500.689704
1.767 1699054500.7952828
1.708 1699054500.888564
1.769 1699054500.9983113
1.721 1699054501.092484
1.695 1699054501.1874142
1.786 1699054501.2970636
1.629 1699054501.3900933
1.675 1699054501.4999702
1.774 1699054501.5941863
1.768 1699054501.688405
1.705 1699054501.79544
1.652 1699054501.892566
1.716 1699054502.002316
1.604 1699054502.0973449
1.714 1699054502.1923358
2.079 1699054502.2937205
1.737 1699054502.3931239
1.693 1699054502.5022902
1.825 1699054502.5967088
1.665 1699054502.690632
1.706 1699054502.794559
1.736 1699054502.8887365
1.746 1699054502.9894955
1.692 1699054503.09977
1.752 1699054503.1940877
1.931 1699054503.2951782
2.584 1699054503.3892567
3.091 1699054503.4910247
2.858 1699054503.6010842
2.919 1699054503.69528
3.134 1699054503.7958708
3.439 1699054503.8898897
3.001 1699054503.993424
2.871 1699054504.1035855
2.999 1699054504.1983008
3.018 1699054504.295006
3.232 1699054504.3894207
3.076 1699054504.499707
2.785 1699054504.5899255
1.988 1699054504.689121
1.993 1699054504.7928002
1.895 1699054504.8878052
1.876 1699054504.9982846
1.747 1699054505.0898066
1.92 1699054505.200777
1.886 1699054505.2968807
2.21 1699054505.391235
2.155 1699054505.5010643
1.86 1699054505.5922267
1.842 1699054505.7023406
1.826 1699054505.7926648
1.807 1699054505.9029305
1.924 1699054505.9970827
1.825 1699054506.0917463
1.887 1699054506.2049003
1.849 1699054506.295182
1.75 1699054506.3892033
1.832 1699054506.4991214
1.792 1699054506.594556
1.749 1699054506.6900537
1.745 1699054506.794871
1.65 1699054506.8891597
2.181 1699054506.9991515
1.872 1699054507.0934596
1.748 1699054507.191373
1.713 1699054507.292455
1.625 1699054507.3874245
1.609 1699054507.497066
1.613 1699054507.592319
1.585 1699054507.6923413
1.692 1699054507.7921348
1.666 1699054507.8869364
1.739 1699054507.9969325
1.725 1699054508.0911446
1.732 1699054508.2019024
1.607 1699054508.2934108
1.631 1699054508.3982737
1.718 1699054508.4874525
2.034 1699054508.5978875
2.03 1699054508.6921134
1.724 1699054508.7950003
1.727 1699054508.889052
1.735 1699054508.9989967
1.744 1699054509.0932977
1.753 1699054509.2035306
1.781 1699054509.2902777
1.774 1699054509.4002118
1.785 1699054509.4945052
1.715 1699054509.603771
1.727 1699054509.6981046
2.385 1699054509.7944767
2.938 1699054509.8887897
2.852 1699054509.9995186
2.928 1699054510.0946116
3.565 1699054510.190575
3.119 1699054510.2913125
2.887 1699054510.3896458
3.034 1699054510.4989781
2.368 1699054510.5937884
1.848 1699054510.7038026
1.846 1699054510.793052
1.756 1699054510.89062
1.757 1699054511.0014198
1.795 1699054511.0960615
1.745 1699054511.1910326
1.768 1699054511.2949858
1.841 1699054511.3915107
1.88 1699054511.4916625
1.753 1699054511.6019332
1.91 1699054511.6966612
2.088 1699054511.795019
1.717 1699054511.8926187
1.769 1699054511.9927762
1.787 1699054512.0998285
1.746 1699054512.1947947
1.824 1699054512.2956557
1.724 1699054512.3937628
1.728 1699054512.4940329
1.808 1699054512.601557
1.731 1699054512.696649
1.653 1699054512.794108
1.813 1699054512.893995
1.728 1699054512.9939423
1.779 1699054513.0940356
1.724 1699054513.197978
2.047 1699054513.2978427
1.785 1699054513.3949773
1.668 1699054513.502641
1.795 1699054513.5950212
1.676 1699054513.6993296
1.79 1699054513.7952268
2.645 1699054513.8951783
2.987 1699054513.999984
3.064 1699054514.095802
3.109 1699054514.202087
3.048 1699054514.296101
2.916 1699054514.396415
3.026 1699054514.5007448
3.088 1699054514.5970082
3.048 1699054514.702933
3.032 1699054514.7973254
3.599 1699054514.8972726
3.065 1699054514.9971297
2.81 1699054515.0995932
1.911 1699054515.1972196
1.869 1699054515.2971892
1.829 1699054515.3972287
1.872 1699054515.5004854
1.781 1699054515.5977688
1.775 1699054515.6977544
1.861 1699054515.7980037
1.714 1699054515.8981073
1.759 1699054516.0003912
1.808 1699054516.098598
1.731 1699054516.1989543
1.854 1699054516.2990878
1.916 1699054516.399217
1.983 1699054516.500668
1.761 1699054516.599985
1.644 1699054516.7001035
1.722 1699054516.8001425
1.736 1699054516.9003084
1.796 1699054517.0006042
1.756 1699054517.1008677
1.682 1699054517.2010381
1.661 1699054517.3014371
1.659 1699054517.4017549
1.691 1699054517.5020883
1.764 1699054517.6023188
1.683 1699054517.7025359
1.657 1699054517.7931824
1.678 1699054517.9028015
2.135 1699054517.9973402
1.744 1699054518.0916672
1.823 1699054518.201909
1.763 1699054518.2932494
1.714 1699054518.4028556
1.771 1699054518.4993556
1.788 1699054518.5936356
1.771 1699054518.687659
1.682 1699054518.791205
1.733 1699054518.8894491
1.757 1699054518.9996846
1.713 1699054519.0951076
1.647 1699054519.1914058
1.665 1699054519.295196
1.685 1699054519.3908696
1.754 1699054519.5006897
2.01 1699054519.5953534
1.772 1699054519.6899886
1.696 1699054519.7912447
1.756 1699054519.8930619
1.773 1699054520.0015428
1.657 1699054520.0963383
1.751 1699054520.1913524
1.925 1699054520.2912118
1.812 1699054520.4027045
2.178 1699054520.4874861
2.874 1699054520.5981233
3.163 1699054520.693041
3.102 1699054520.7949631
3.069 1699054520.889503
3.109 1699054520.9890006
3.119 1699054521.0990126
3.626 1699054521.1933486
3.29 1699054521.2940319
3.053 1699054521.3886876
3.12 1699054521.491398
3.069 1699054521.601266
2.836 1699054521.695627
2.912 1699054521.7959964
2.368 1699054521.890102
1.794 1699054522.0000956
1.96 1699054522.0873477
1.892 1699054522.197736
1.788 1699054522.2953167
