3.885 1699056187.0780578
4.169 1699056187.1769652
3.606 1699056187.2771926
3.348 1699056187.3876717
2.673 1699056187.4816658
2.067 1699056187.5765018
2.113 1699056187.6867452
1.933 1699056187.773366
1.986 1699056187.8830464
1.906 1699056187.9780471
1.971 1699056188.0728266
1.968 1699056188.1874826
2.063 1699056188.283981
1.979 1699056188.3787322
2.475 1699056188.4731543
2.594 1699056188.582832
2.46 1699056188.6776
2.797 1699056188.779018
3.811 1699056188.8737922
4.055 1699056188.9833589
4.029 1699056189.0783546
3.859 1699056189.1728566
3.227 1699056189.286844
3.148 1699056189.3844395
3.379 1699056189.4788313
2.934 1699056189.5737343
1.854 1699056189.6835217
1.821 1699056189.7876556
1.751 1699056189.8819818
1.801 1699056189.9765406
2.215 1699056190.0840526
2.393 1699056190.1818862
2.525 1699056190.2813296
2.703 1699056190.3799782
3.883 1699056190.4743714
3.713 1699056190.5834754
3.852 1699056190.6779954
3.946 1699056190.778362
3.971 1699056190.878912
3.93 1699056190.9740777
3.933 1699056191.0842783
3.912 1699056191.1800942
4.001 1699056191.2803946
3.248 1699056191.3865507
3.198 1699056191.4763565
3.254 1699056191.5865073
3.214 1699056191.6812155
2.403 1699056191.780981
1.945 1699056191.8760717
2.084 1699056191.9754863
1.969 1699056192.0854433
1.963 1699056192.1811922
1.932 1699056192.280612
1.979 1699056192.37497
1.948 1699056192.4737926
2.021 1699056192.5843518
2.222 1699056192.6792886
2.508 1699056192.7786798
2.688 1699056192.872607
2.707 1699056192.986195
2.958 1699056193.0838218
3.849 1699056193.178787
3.735 1699056193.2784233
3.747 1699056193.373557
3.746 1699056193.4864428
3.768 1699056193.5838435
3.873 1699056193.678861
3.761 1699056193.7783172
3.777 1699056193.8728569
3.476 1699056193.983049
3.076 1699056194.0867233
3.163 1699056194.1782742
3.056 1699056194.2778804
3.246 1699056194.3725955
2.42 1699056194.4828894
1.915 1699056194.5874355
1.877 1699056194.678109
1.921 1699056194.7824712
1.922 1699056194.8770194
1.934 1699056194.9872005
1.903 1699056195.0868897
1.899 1699056195.1816847
2.169 1699056195.2839057
2.521 1699056195.3789783
2.438 1699056195.4730887
2.374 1699056195.5838675
2.335 1699056195.6840627
2.293 1699056195.7844126
3.754 1699056195.8793774
3.717 1699056195.9744766
3.841 1699056196.0849173
3.731 1699056196.185023
3.098 1699056196.2829366
3.139 1699056196.3775687
3.217 1699056196.4775817
2.879 1699056196.5877495
2.956 1699056196.6879091
3.038 1699056196.78392
2.138 1699056196.8789115
1.939 1699056196.9739604
1.871 1699056197.0850306
2.205 1699056197.1788776
2.43 1699056197.2792325
2.452 1699056197.3740242
2.46 1699056197.4834983
2.505 1699056197.578066
2.456 1699056197.672646
2.545 1699056197.7730517
3.338 1699056197.8838158
3.77 1699056197.978754
3.77 1699056198.0733876
3.823 1699056198.1835942
3.865 1699056198.2868533
3.856 1699056198.3819294
2.906 1699056198.4800236
2.986 1699056198.5744865
3.064 1699056198.6844451
3.131 1699056198.7872028
3.12 1699056198.8835611
3.161 1699056198.9779944
3.146 1699056199.0881388
2.531 1699056199.1823916
1.868 1699056199.2818727
1.939 1699056199.3807454
1.825 1699056199.4752603
1.932 1699056199.5859516
2.245 1699056199.6803591
2.519 1699056199.7802944
2.685 1699056199.8814368
2.692 1699056199.9763284
2.488 1699056200.0869858
2.461 1699056200.1821494
2.485 1699056200.2805686
2.506 1699056200.3878918
2.995 1699056200.478752
3.751 1699056200.5756302
3.912 1699056200.6836123
3.898 1699056200.785144
3.563 1699056200.87947
2.815 1699056200.9791982
2.898 1699056201.089108
2.976 1699056201.1834164
3.035 1699056201.2843544
3.07 1699056201.3792505
3.095 1699056201.4887755
3.126 1699056201.5797393
3.202 1699056201.6846912
2.178 1699056201.7867973
1.948 1699056201.8812175
1.841 1699056201.9897125
2.105 1699056202.080366
2.498 1699056202.1877623
2.489 1699056202.2810926
2.505 1699056202.383259
2.484 1699056202.481318
2.523 1699056202.5813184
2.488 1699056202.6813767
2.49 1699056202.7881567
2.437 1699056202.8828936
2.843 1699056202.9822323
3.853 1699056203.082392
3.859 1699056203.1886358
3.799 1699056203.2826886
3.081 1699056203.3829677
3.185 1699056203.482999
2.855 1699056203.5862753
2.922 1699056203.6833105
2.959 1699056203.783652
3.001 1699056203.8853729
3.04 1699056203.984144
3.083 1699056204.0843349
3.119 1699056204.1845105
2.805 1699056204.284691
1.93 1699056204.3870726
1.849 1699056204.4850981
2.208 1699056204.586421
2.529 1699056204.6869776
2.503 1699056204.7868736
2.445 1699056204.8859448
2.42 1699056204.9860966
2.573 1699056205.0861619
2.469 1699056205.1861684
2.449 1699056205.2861996
2.208 1699056205.3864589
1.974 1699056205.4868963
2.205 1699056205.5872412
3.265 1699056205.689095
3.154 1699056205.787648
3.149 1699056205.8877904
3.13 1699056205.9876933
3.209 1699056206.0878425
3.64 1699056206.188275
3.896 1699056206.2882624
3.493 1699056206.3883922
2.513 1699056206.4886422
2.585 1699056206.5889723
2.452 1699056206.6892364
2.399 1699056206.7892196
2.476 1699056206.889247
2.503 1699056206.9893816
2.427 1699056207.0896628
2.761 1699056207.189635
3.672 1699056207.2897418
3.792 1699056207.3896759
3.005 1699056207.489758
3.002 1699056207.5762112
2.997 1699056207.6861045
2.964 1699056207.786752
2.917 1699056207.8870022
2.904 1699056207.9820428
3.296 1699056208.0773172
2.993 1699056208.1876597
3.036 1699056208.2883334
3.087 1699056208.388396
2.968 1699056208.4832432
2.11 1699056208.5780435
2.32 1699056208.6876633
2.647 1699056208.788042
2.65 1699056208.8892436
2.567 1699056208.9847178
2.602 1699056209.0795617
2.65 1699056209.1898685
2.672 1699056209.2749043
2.574 1699056209.3899803
2.662 1699056209.485439
2.678 1699056209.5802267
2.619 1699056209.6745656
2.668 1699056209.774367
3.632 1699056209.884619
3.351 1699056209.985876
3.297 1699056210.0805216
3.316 1699056210.1808326
3.265 1699056210.2765884
3.272 1699056210.386407
2.939 1699056210.4874878
3.316 1699056210.581491
3.318 1699056210.676501
3.069 1699056210.7769482
3.103 1699056210.8868055
3.14 1699056210.9877415
3.169 1699056211.0804768
2.555 1699056211.1750755
2.485 1699056211.2748573
2.538 1699056211.385883
2.602 1699056211.4801774
2.551 1699056211.5799947
2.549 1699056211.674592
2.528 1699056211.775317
2.497 1699056211.8853881
2.496 1699056211.980256
2.477 1699056212.0884936
2.046 1699056212.1758134
1.922 1699056212.2771862
1.848 1699056212.386443
2.098 1699056212.4815855
3.067 1699056212.5877383
3.177 1699056212.6768618
3.186 1699056212.7786143
3.206 1699056212.8731382
3.144 1699056212.9835024
3.405 1699056213.0780833
3.84 1699056213.178709
3.841 1699056213.280691
3.971 1699056213.3753455
3.499 1699056213.4767053
2.559 1699056213.5855186
2.465 1699056213.6873875
2.53 1699056213.7843294
2.471 1699056213.8789122
2.604 1699056213.9892735
2.565 1699056214.0841212
2.442 1699056214.1893408
2.42 1699056214.2824078
1.897 1699056214.377339
2.354 1699056214.4876988
2.872 1699056214.5825288
3.126 1699056214.6775823
3.173 1699056214.779072
2.766 1699056214.874202
3.226 1699056214.9848683
3.16 1699056215.0800345
3.149 1699056215.1749964
3.237 1699056215.2766407
3.206 1699056215.386408
3.195 1699056215.48091
3.566 1699056215.5761662
3.836 1699056215.6859007
3.056 1699056215.7888854
2.537 1699056215.8837516
2.583 1699056215.9877632
2.514 1699056216.0823762
2.49 1699056216.1773038
2.506 1699056216.279618
2.503 1699056216.3765247
2.494 1699056216.4856348
2.508 1699056216.5800982
2.336 1699056216.6744351
1.942 1699056216.7743402
1.837 1699056216.8746629
1.9 1699056216.9848151
2.345 1699056217.0795186
3.053 1699056217.17393
3.136 1699056217.2743454
3.037 1699056217.3744853
3.064 1699056217.4849567
3.057 1699056217.579995
3.136 1699056217.6740224
3.05 1699056217.7739186
3.594 1699056217.8868124
3.796 1699056217.9865677
3.775 1699056218.081034
3.917 1699056218.1753268
3.48 1699056218.275109
2.578 1699056218.3854856
2.667 1699056218.485432
2.545 1699056218.5802171
2.438 1699056218.6747181
2.541 1699056218.7762303
2.475 1699056218.8859272
2.588 1699056218.9847076
2.576 1699056219.0792673
2.081 1699056219.1892767
1.897 1699056219.2739964
1.913 1699056219.3837788
2.18 1699056219.4884713
3.049 1699056219.5787685
3.198 1699056219.6884315
3.116 1699056219.7728126
3.073 1699056219.8831038
3.171 1699056219.9781604
3.159 1699056220.0781806
2.647 1699056220.1727753
2.932 1699056220.2730978
3.229 1699056220.383087
3.59 1699056220.477626
3.937 1699056220.5774999
3.904 1699056220.671846
3.972 1699056220.7735772
3.497 1699056220.883433
2.623 1699056220.9779737
2.495 1699056221.0885766
2.557 1699056221.1877706
2.2 1699056221.2751832
1.913 1699056221.3873286
2.018 1699056221.4817374
1.855 1699056221.5792043
1.935 1699056221.676811
1.948 1699056221.7787147
1.92 1699056221.8886056
1.744 1699056221.9829671
2.21 1699056222.0771694
2.518 1699056222.177637
2.817 1699056222.2782755
3.789 1699056222.3724892
3.783 1699056222.482609
3.728 1699056222.5767815
3.802 1699056222.6853826
4.0 1699056222.7741444
3.924 1699056222.8843918
3.855 1699056222.9785674
3.477 1699056223.0792787
2.648 1699056223.1887333
2.466 1699056223.2811432
2.076 1699056223.3832357
1.977 1699056223.4775467
1.881 1699056223.5873718
1.88 1699056223.6809788
1.838 1699056223.7832477
2.195 1699056223.8771896
2.906 1699056223.9873936
3.231 1699056224.0814602
3.102 1699056224.1758773
3.133 1699056224.27702
3.192 1699056224.3874054
3.13 1699056224.481629
3.237 1699056224.5759249
3.772 1699056224.6861532
3.856 1699056224.7887135
3.838 1699056224.8836014
3.762 1699056224.9777431
3.84 1699056225.0717866
3.561 1699056225.1813624
2.784 1699056225.284049
2.557 1699056225.3803306
2.59 1699056225.474579
1.877 1699056225.5842052
1.963 1699056225.6787746
1.894 1699056225.7785788
1.87 1699056225.8779397
1.876 1699056225.9777174
1.889 1699056226.0825784
1.936 1699056226.1769812
1.907 1699056226.2767262
1.819 1699056226.386535
2.418 1699056226.4770648
3.637 1699056226.571699
3.825 1699056226.6814144
3.867 1699056226.781226
3.832 1699056226.886324
3.792 1699056226.9796102
3.823 1699056227.0740008
3.804 1699056227.1837707
3.928 1699056227.28418
3.785 1699056227.3782513
3.581 1699056227.4782684
2.715 1699056227.572891
2.563 1699056227.6827142
2.391 1699056227.7836146
2.033 1699056227.878092
1.91 1699056227.987835
1.887 1699056228.0733635
1.94 1699056228.1834648
1.843 1699056228.2836583
1.924 1699056228.3781474
2.112 1699056228.4874265
2.694 1699056228.5885274
3.167 1699056228.6827514
3.154 1699056228.7814896
3.127 1699056228.8762803
3.189 1699056228.9861734
3.153 1699056229.087243
3.608 1699056229.1814797
3.89 1699056229.2816863
3.887 1699056229.3766508
3.83 1699056229.471584
3.796 1699056229.586039
3.842 1699056229.6802392
3.877 1699056229.779131
3.29 1699056229.873621
2.567 1699056229.983328
2.567 1699056230.0858984
2.461 1699056230.1781738
2.499 1699056230.2801833
2.098 1699056230.3746245
1.955 1699056230.4869554
1.916 1699056230.5870912
1.949 1699056230.681444
1.847 1699056230.7834642
1.891 1699056230.8777697
1.925 1699056230.972128
1.88 1699056231.0819268
2.162 1699056231.1821816
2.684 1699056231.2824
3.186 1699056231.3768315
3.173 1699056231.4866948
3.738 1699056231.5813446
3.851 1699056231.688085
3.759 1699056231.779414
3.792 1699056231.873837
3.964 1699056231.9836884
3.899 1699056232.0787487
3.874 1699056232.1872177
3.708 1699056232.2763479
3.682 1699056232.3708947
3.163 1699056232.4811873
2.584 1699056232.575665
2.643 1699056232.6854591
2.114 1699056232.7857652
1.965 1699056232.8798091
1.906 1699056232.9723644
1.955 1699056233.082256
1.905 1699056233.1766608
1.859 1699056233.288196
1.913 1699056233.37345
1.99 1699056233.4833024
1.917 1699056233.577767
2.337 1699056233.6867914
2.643 1699056233.7743309
3.033 1699056233.8861084
3.337 1699056233.9803286
3.73 1699056234.0747488
3.923 1699056234.184511
3.859 1699056234.2847319
3.872 1699056234.3861892
3.901 1699056234.4795945
3.85 1699056234.5738058
3.998 1699056234.6843092
3.953 1699056234.7853503
3.795 1699056234.8850083
3.252 1699056234.9793856
2.906 1699056235.0740929
2.56 1699056235.1840832
2.536 1699056235.2844226
2.084 1699056235.3893816
1.869 1699056235.481752
1.787 1699056235.5764713
1.978 1699056235.687024
1.872 1699056235.788504
1.958 1699056235.888263
1.853 1699056235.9848351
1.728 1699056236.079608
2.291 1699056236.174065
2.433 1699056236.2742293
2.917 1699056236.3845923
3.097 1699056236.4879625
3.138 1699056236.5823083
3.467 1699056236.6771827
3.832 1699056236.7763112
3.953 1699056236.8862793
3.873 1699056236.9883597
3.88 1699056237.083424
3.855 1699056237.1781065
3.943 1699056237.2779024
3.927 1699056237.373088
3.596 1699056237.485166
3.596 1699056237.5830681
2.48 1699056237.6776655
1.944 1699056237.777575
1.807 1699056237.8719745
1.931 1699056237.9820073
1.947 1699056238.0816004
1.885 1699056238.1760955
2.237 1699056238.2767015
2.61 1699056238.387112
2.457 1699056238.4813561
2.575 1699056238.5868802
2.657 1699056238.6760046
2.498 1699056238.7798333
2.495 1699056238.8740287
2.969 1699056238.9840076
3.58 1699056239.0868196
3.855 1699056239.1803093
3.935 1699056239.2817178
3.935 1699056239.380641
3.842 1699056239.4750946
3.245 1699056239.5851226
2.822 1699056239.684575
2.424 1699056239.78694
2.108 1699056239.8815167
1.844 1699056239.9761992
1.924 1699056240.0755522
1.925 1699056240.1863587
1.855 1699056240.2842212
1.822 1699056240.3785493
2.013 1699056240.476479
2.507 1699056240.5833902
3.029 1699056240.6873324
3.311 1699056240.7802138
3.838 1699056240.8775384
3.813 1699056240.9851594
3.829 1699056241.07988
3.939 1699056241.1786795
3.893 1699056241.2786634
3.936 1699056241.3864496
3.86 1699056241.4808378
3.966 1699056241.5797937
3.923 1699056241.6857038
3.679 1699056241.786325
2.659 1699056241.8804858
2.446 1699056241.980773
1.843 1699056242.086781
1.931 1699056242.1824255
1.847 1699056242.2854333
1.866 1699056242.3809907
1.898 1699056242.481118
1.991 1699056242.5838468
1.814 1699056242.6815107
2.163 1699056242.7817461
2.474 1699056242.8817716
2.563 1699056242.9872966
2.469 1699056243.08245
2.385 1699056243.1827786
3.216 1699056243.2832184
3.449 1699056243.383411
3.82 1699056243.483754
3.619 1699056243.5842
3.76 1699056243.6845152
3.845 1699056243.7846994
3.769 1699056243.8848417
3.872 1699056243.9852333
3.869 1699056244.0854836
3.171 1699056244.1853442
2.589 1699056244.28542
2.139 1699056244.3878636
1.944 1699056244.4857047
1.927 1699056244.5868654
1.872 1699056244.686001
1.9 1699056244.7862935
1.898 1699056244.8864868
1.881 1699056244.9868135
1.832 1699056245.0868633
1.87 1699056245.181408
2.345 1699056245.2869096
2.497 1699056245.3873231
3.203 1699056245.4875362
3.701 1699056245.587641
3.905 1699056245.687947
4.033 1699056245.7882857
3.918 1699056245.8781292
3.89 1699056245.9875362
3.803 1699056246.0879827
3.871 1699056246.1823242
3.712 1699056246.2827475
3.836 1699056246.3771927
3.816 1699056246.4901016
3.942 1699056246.5875387
3.27 1699056246.6823602
2.645 1699056246.7831562
1.962 1699056246.880772
1.904 1699056246.9802454
