2.345 1699054816.589376
2.784 1699054816.6916556
2.422 1699054816.7897973
2.467 1699054816.8932178
1.945 1699054816.9905534
1.875 1699054817.098295
1.895 1699054817.192897
1.886 1699054817.2963831
1.803 1699054817.3908653
1.845 1699054817.4909399
1.84 1699054817.596003
1.896 1699054817.6950526
1.897 1699054817.798729
2.185 1699054817.8931253
1.878 1699054817.99204
1.905 1699054818.0979762
1.949 1699054818.1979282
2.419 1699054818.2986925
2.484 1699054818.392995
2.476 1699054818.493266
2.502 1699054818.5972278
2.526 1699054818.6931856
2.375 1699054818.798625
2.425 1699054818.893623
2.193 1699054818.9939325
1.911 1699054819.0986738
1.726 1699054819.197505
1.757 1699054819.2989984
2.071 1699054819.3943448
1.906 1699054819.4946318
1.742 1699054819.5974498
1.627 1699054819.6949325
1.738 1699054819.7952163
2.383 1699054819.8953001
2.116 1699054819.9988763
2.106 1699054820.0957348
2.096 1699054820.1957812
2.33 1699054820.2989993
2.319 1699054820.3962848
2.294 1699054820.4965966
2.459 1699054820.5969067
2.423 1699054820.6971729
2.144 1699054820.8000672
2.187 1699054820.8975585
2.753 1699054820.9979765
2.103 1699054821.0981622
1.736 1699054821.1980882
1.755 1699054821.299747
1.746 1699054821.3981266
1.791 1699054821.4983273
1.655 1699054821.6004052
1.775 1699054821.6983488
1.724 1699054821.798694
1.647 1699054821.8990898
1.546 1699054821.9991348
1.582 1699054822.1026103
1.627 1699054822.199452
1.615 1699054822.299799
2.123 1699054822.3922334
2.509 1699054822.4907095
2.747 1699054822.5856168
2.406 1699054822.6952097
2.502 1699054822.7952807
2.352 1699054822.8899348
2.45 1699054822.9942908
2.306 1699054823.1017184
2.078 1699054823.1993315
2.376 1699054823.2988536
2.161 1699054823.3945916
2.234 1699054823.496682
2.248 1699054823.590941
1.819 1699054823.700824
1.744 1699054823.7989857
1.704 1699054823.8933542
1.755 1699054823.9878101
2.129 1699054824.0922923
1.917 1699054824.187222
1.834 1699054824.2989957
1.709 1699054824.393082
1.87 1699054824.4879868
1.772 1699054824.5937338
1.761 1699054824.688224
1.781 1699054824.7961924
1.727 1699054824.890971
2.141 1699054824.985032
2.227 1699054825.0953264
2.362 1699054825.1897426
2.338 1699054825.2953148
2.4 1699054825.3894966
2.345 1699054825.484559
2.202 1699054825.5944095
2.757 1699054825.690899
2.098 1699054825.79491
2.014 1699054825.8891947
1.825 1699054825.999065
1.698 1699054826.0936556
1.797 1699054826.1926417
1.828 1699054826.2979333
1.841 1699054826.3934023
1.916 1699054826.4877663
1.847 1699054826.598408
1.871 1699054826.6947918
1.984 1699054826.7978964
2.376 1699054826.8929348
2.616 1699054826.9878068
2.502 1699054827.0980406
2.673 1699054827.1963916
2.841 1699054827.2969503
2.54 1699054827.391947
2.525 1699054827.4870987
2.505 1699054827.5974252
2.257 1699054827.6920545
2.297 1699054827.7965188
2.331 1699054827.8909228
2.424 1699054827.9858146
2.246 1699054828.0958598
1.944 1699054828.190047
1.898 1699054828.2965581
1.83 1699054828.3907607
1.851 1699054828.5006397
1.85 1699054828.5949464
1.774 1699054828.6892831
2.217 1699054828.7965107
1.997 1699054828.893426
1.83 1699054828.9908822
1.842 1699054829.0855174
1.781 1699054829.1948032
1.834 1699054829.298802
2.286 1699054829.3916316
2.44 1699054829.4862685
2.438 1699054829.596007
2.345 1699054829.690235
2.422 1699054829.7974765
2.335 1699054829.8921964
2.474 1699054829.9869735
2.145 1699054830.097708
2.52 1699054830.1918821
2.526 1699054830.2953
2.87 1699054830.3934264
2.303 1699054830.4880593
2.058 1699054830.597202
1.853 1699054830.691191
1.907 1699054830.7980034
1.854 1699054830.8926992
1.845 1699054830.990678
1.818 1699054831.084935
1.805 1699054831.1950026
1.719 1699054831.2961166
1.841 1699054831.390293
1.772 1699054831.4926198
1.709 1699054831.5865772
1.689 1699054831.6945744
2.33 1699054831.7983994
2.667 1699054831.8931856
2.492 1699054831.9935052
2.323 1699054832.088395
2.55 1699054832.1991649
2.507 1699054832.2993968
2.464 1699054832.3942246
2.569 1699054832.4950497
2.46 1699054832.5893352
2.208 1699054832.6998603
2.253 1699054832.7969284
2.301 1699054832.8948586
2.186 1699054832.989415
1.85 1699054833.0913155
1.89 1699054833.186089
1.835 1699054833.2978866
1.88 1699054833.392425
2.314 1699054833.487311
2.022 1699054833.5949376
1.848 1699054833.6895099
1.836 1699054833.7969103
1.961 1699054833.8919296
1.792 1699054833.9866652
1.903 1699054834.097084
1.946 1699054834.19051
2.282 1699054834.2977629
2.019 1699054834.3919888
2.322 1699054834.4863245
2.013 1699054834.5968416
2.306 1699054834.6920013
2.297 1699054834.7981963
2.093 1699054834.8925214
2.12 1699054834.9895773
2.17 1699054835.0839589
1.701 1699054835.1908705
1.744 1699054835.2940757
1.758 1699054835.389214
1.635 1699054835.4842315
1.75 1699054835.5957677
1.724 1699054835.6943147
1.801 1699054835.7978284
2.404 1699054835.8920543
2.495 1699054835.9864597
2.419 1699054836.095844
2.468 1699054836.1898835
2.48 1699054836.2975335
2.369 1699054836.3917592
2.098 1699054836.4862897
2.84 1699054836.5960822
2.501 1699054836.6900942
2.196 1699054836.7984061
2.236 1699054836.892843
2.277 1699054836.9873345
2.029 1699054837.097127
1.7 1699054837.1915452
1.756 1699054837.2972634
1.689 1699054837.3889773
1.784 1699054837.4987295
1.763 1699054837.5929244
1.609 1699054837.6871774
1.84 1699054837.7944632
1.755 1699054837.8884768
1.739 1699054837.9983814
1.65 1699054838.093102
1.941 1699054838.1874883
1.898 1699054838.2981172
2.476 1699054838.3930328
2.362 1699054838.4867206
2.418 1699054838.596916
2.39 1699054838.6910887
2.406 1699054838.7962568
2.395 1699054838.8931937
2.478 1699054838.9875267
2.419 1699054839.098113
2.486 1699054839.1925442
2.198 1699054839.2974691
2.507 1699054839.3956857
2.585 1699054839.4893394
2.304 1699054839.5993073
2.057 1699054839.6939762
2.142 1699054839.7973547
1.878 1699054839.8919542
1.845 1699054839.992854
1.963 1699054840.0867176
1.833 1699054840.1970043
1.802 1699054840.2926083
1.824 1699054840.3867059
1.762 1699054840.4912572
1.793 1699054840.585552
1.865 1699054840.6958258
1.839 1699054840.7965465
2.009 1699054840.890474
2.451 1699054840.9954867
2.479 1699054841.0892215
2.439 1699054841.1981802
2.751 1699054841.298229
2.565 1699054841.3928528
2.479 1699054841.4879162
2.381 1699054841.5901294
2.41 1699054841.6999528
2.086 1699054841.785383
1.704 1699054841.8958433
1.747 1699054841.989855
1.684 1699054842.092225
1.698 1699054842.186607
1.704 1699054842.2979903
1.753 1699054842.3921316
1.629 1699054842.4863205
1.642 1699054842.5944169
1.606 1699054842.6888478
1.825 1699054842.7937272
2.5 1699054842.887897
2.441 1699054842.99701
2.37 1699054843.091151
2.287 1699054843.18909
2.327 1699054843.2943501
2.445 1699054843.3888297
2.403 1699054843.497855
2.389 1699054843.5933087
2.388 1699054843.6900334
2.395 1699054843.7972403
2.173 1699054843.891537
2.211 1699054843.985912
1.99 1699054844.095749
1.769 1699054844.1932077
1.744 1699054844.2971258
1.954 1699054844.3913298
2.1 1699054844.485764
1.741 1699054844.5952168
1.789 1699054844.6953995
1.678 1699054844.796803
1.75 1699054844.8906362
1.758 1699054844.9940553
1.785 1699054845.0892022
1.758 1699054845.1987057
1.719 1699054845.2968354
2.312 1699054845.3914206
2.315 1699054845.4858706
2.351 1699054845.5955045
2.293 1699054845.6897757
2.273 1699054845.7967188
2.312 1699054845.8909636
2.881 1699054845.9857981
2.51 1699054846.0956428
2.113 1699054846.1895835
2.146 1699054846.2954583
2.376 1699054846.3963635
2.077 1699054846.48432
1.674 1699054846.5940826
1.774 1699054846.6885273
1.812 1699054846.7970624
1.662 1699054846.8909726
1.495 1699054846.9862013
1.674 1699054847.0959349
1.717 1699054847.1906624
1.703 1699054847.2970443
1.729 1699054847.393853
1.741 1699054847.4880993
2.242 1699054847.597186
2.261 1699054847.6907136
2.257 1699054847.7974799
2.308 1699054847.8924723
2.188 1699054847.9874268
2.341 1699054848.0975237
2.349 1699054848.191249
2.354 1699054848.2945635
2.323 1699054848.3952737
2.382 1699054848.4890006
2.606 1699054848.5992405
2.391 1699054848.6933339
2.506 1699054848.7963834
2.28 1699054848.890882
2.095 1699054848.992127
2.26 1699054849.086896
2.092 1699054849.196736
1.722 1699054849.2981315
1.676 1699054849.392119
1.706 1699054849.4930916
1.702 1699054849.588339
1.721 1699054849.6976297
1.72 1699054849.7981546
1.766 1699054849.8922439
1.792 1699054849.9954214
1.807 1699054850.0893435
1.71 1699054850.1985843
1.927 1699054850.2992983
2.285 1699054850.3936107
2.349 1699054850.4889495
2.274 1699054850.5906823
2.663 1699054850.6850343
2.449 1699054850.7962484
2.381 1699054850.8915584
2.312 1699054850.9860342
1.978 1699054851.0921052
1.769 1699054851.186524
1.834 1699054851.2963827
1.841 1699054851.390414
1.928 1699054851.4852693
1.846 1699054851.5947585
1.864 1699054851.6891925
1.801 1699054851.796749
2.113 1699054851.890967
2.467 1699054851.9867573
2.483 1699054852.0974371
2.561 1699054852.1909156
2.931 1699054852.297001
2.401 1699054852.390938
2.474 1699054852.4853406
2.178 1699054852.5952604
2.204 1699054852.6928883
2.242 1699054852.7967129
2.283 1699054852.8906965
2.316 1699054853.0006666
2.426 1699054853.0957334
1.927 1699054853.1927407
1.91 1699054853.2951968
1.858 1699054853.3898706
1.776 1699054853.5001764
1.742 1699054853.5951653
1.759 1699054853.6949036
2.011 1699054853.7963583
1.957 1699054853.890827
1.752 1699054853.9855812
1.724 1699054854.0900598
1.745 1699054854.1847596
1.66 1699054854.296263
1.775 1699054854.3907309
2.373 1699054854.486131
2.306 1699054854.5964763
2.397 1699054854.6908753
2.35 1699054854.7948108
2.474 1699054854.8936613
2.302 1699054854.9885345
2.343 1699054855.0991838
2.495 1699054855.1933632
2.119 1699054855.2946665
2.133 1699054855.389157
1.873 1699054855.4993696
1.748 1699054855.5940602
1.834 1699054855.6892278
1.852 1699054855.7962499
1.725 1699054855.8901572
1.725 1699054855.984826
1.771 1699054856.0950432
1.814 1699054856.189343
2.064 1699054856.2959363
2.367 1699054856.392569
2.306 1699054856.487674
2.385 1699054856.5980582
2.341 1699054856.692559
2.394 1699054856.7962117
2.588 1699054856.8942144
2.659 1699054856.9880862
2.129 1699054857.0983708
2.174 1699054857.192485
2.202 1699054857.2971272
2.233 1699054857.3911433
2.269 1699054857.491265
1.734 1699054857.600245
1.755 1699054857.694464
1.787 1699054857.7941554
1.77 1699054857.888527
1.627 1699054857.9916337
1.736 1699054858.0858753
1.549 1699054858.1964452
1.625 1699054858.2941737
1.634 1699054858.3893456
1.72 1699054858.492805
1.98 1699054858.58692
1.732 1699054858.6968186
1.739 1699054858.8000424
2.374 1699054858.894282
2.226 1699054858.9882104
2.31 1699054859.090528
2.522 1699054859.199752
2.363 1699054859.298712
2.339 1699054859.392421
2.354 1699054859.4901142
2.416 1699054859.5921438
2.395 1699054859.6902318
2.277 1699054859.797835
2.176 1699054859.89321
2.216 1699054859.9905407
2.151 1699054860.0922368
1.898 1699054860.1910148
1.818 1699054860.2967753
1.765 1699054860.3912845
1.712 1699054860.491471
1.726 1699054860.5945227
1.751 1699054860.691755
1.813 1699054860.7951627
1.78 1699054860.891958
1.744 1699054860.992064
1.816 1699054861.0920765
1.96 1699054861.1924567
2.403 1699054861.2970006
2.476 1699054861.3924854
2.347 1699054861.492718
2.555 1699054861.596842
2.951 1699054861.6931393
2.461 1699054861.7965124
2.5 1699054861.8936372
2.158 1699054861.994
2.474 1699054862.096719
2.25 1699054862.1943305
2.297 1699054862.2947133
2.228 1699054862.3948793
1.804 1699054862.4950678
1.813 1699054862.595417
1.862 1699054862.6955686
1.807 1699054862.797469
1.859 1699054862.8962128
1.834 1699054862.9965096
1.843 1699054863.0978181
2.056 1699054863.1969454
1.986 1699054863.2970583
1.602 1699054863.3969777
1.747 1699054863.498914
1.817 1699054863.596984
2.239 1699054863.6971428
2.256 1699054863.7969825
2.317 1699054863.8968472
2.314 1699054863.997138
2.369 1699054864.0971496
2.347 1699054864.19756
2.337 1699054864.2978287
2.08 1699054864.397998
2.111 1699054864.4981818
2.389 1699054864.5982733
2.458 1699054864.698449
2.674 1699054864.79864
2.248 1699054864.8988361
1.775 1699054864.9989607
1.83 1699054865.099172
1.743 1699054865.1992555
1.808 1699054865.2961252
1.688 1699054865.3997533
1.749 1699054865.4879181
1.777 1699054865.5981016
1.769 1699054865.692729
1.771 1699054865.7962115
1.75 1699054865.8937604
1.85 1699054865.9895163
1.728 1699054866.084407
1.839 1699054866.1942582
2.284 1699054866.2925158
2.61 1699054866.3880744
2.339 1699054866.489992
2.326 1699054866.584514
2.326 1699054866.6943753
2.303 1699054866.7956445
2.312 1699054866.8908842
2.303 1699054866.9907947
1.858 1699054867.0851617
1.752 1699054867.195041
1.827 1699054867.298172
1.772 1699054867.3929253
1.734 1699054867.4936094
1.687 1699054867.588863
1.772 1699054867.699166
1.825 1699054867.7968247
2.669 1699054867.891259
2.688 1699054867.9853356
2.094 1699054868.0900364
2.412 1699054868.189413
2.431 1699054868.2962806
2.104 1699054868.389787
2.28 1699054868.48442
2.1 1699054868.5896778
2.13 1699054868.684931
2.165 1699054868.7965007
2.197 1699054868.8908136
2.236 1699054868.9862084
2.243 1699054869.0927615
1.742 1699054869.186929
1.624 1699054869.2948434
1.659 1699054869.3893266
2.24 1699054869.4997933
1.847 1699054869.5947595
1.757 1699054869.6889615
1.816 1699054869.795819
1.731 1699054869.890397
1.636 1699054869.985174
1.702 1699054870.0958252
1.742 1699054870.191014
1.709 1699054870.296306
1.885 1699054870.3908563
2.37 1699054870.4854248
2.403 1699054870.59528
2.391 1699054870.6923118
2.293 1699054870.7929459
2.3 1699054870.8877697
2.506 1699054870.9915698
2.499 1699054871.094084
2.402 1699054871.1929157
2.109 1699054871.2943652
1.815 1699054871.3884711
1.858 1699054871.4989078
1.895 1699054871.5932555
1.889 1699054871.6879892
1.855 1699054871.796929
1.888 1699054871.8910813
1.837 1699054871.985717
1.854 1699054872.0957396
1.895 1699054872.1896913
2.481 1699054872.295409
2.45 1699054872.3898246
2.463 1699054872.484937
2.865 1699054872.5949528
2.632 1699054872.688947
2.492 1699054872.792769
2.481 1699054872.8871799
2.47 1699054872.9963355
2.494 1699054873.091714
2.579 1699054873.1858284
2.324 1699054873.2969313
2.355 1699054873.391518
2.231 1699054873.4917743
1.741 1699054873.5964854
1.687 1699054873.6908822
1.649 1699054873.7925231
1.738 1699054873.8901865
1.676 1699054873.9853091
1.787 1699054874.0959294
2.165 1699054874.1905482
1.758 1699054874.294655
1.738 1699054874.3933156
1.662 1699054874.4876194
1.725 1699054874.597269
1.745 1699054874.691654
1.878 1699054874.794316
2.332 1699054874.8885045
2.423 1699054874.988791
2.313 1699054875.0985188
2.368 1699054875.1928842
2.418 1699054875.2958171
2.364 1699054875.3903286
2.45 1699054875.4898756
2.42 1699054875.5846481
2.678 1699054875.6949499
2.571 1699054875.796391
2.216 1699054875.8916442
2.131 1699054875.99146
1.718 1699054876.0866218
1.601 1699054876.1972742
1.771 1699054876.2965555
1.79 1699054876.3917544
1.621 1699054876.492861
