2.897 1701039127.024616
2.944 1701039127.1225228
2.898 1701039127.2170093
2.764 1701039127.312913
2.827 1701039127.420922
2.817 1701039127.522125
2.879 1701039127.621168
2.878 1701039127.7155151
2.953 1701039127.8200552
2.884 1701039127.9080315
2.894 1701039128.0035002
2.892 1701039128.1142392
2.825 1701039128.2063162
2.943 1701039128.2985804
2.894 1701039128.401088
2.895 1701039128.4962537
2.891 1701039128.601812
2.89 1701039128.704666
2.895 1701039128.7916274
2.925 1701039128.9015658
2.786 1701039129.0041697
2.907 1701039129.1021814
2.853 1701039129.1971664
2.905 1701039129.292462
2.941 1701039129.405028
2.91 1701039129.498203
2.918 1701039129.6029906
2.923 1701039129.6967034
2.945 1701039129.7913125
2.937 1701039129.8894534
2.944 1701039129.9960172
2.925 1701039130.0893836
2.931 1701039130.1891522
2.951 1701039130.2903185
2.956 1701039130.384909
2.95 1701039130.4895713
2.903 1701039130.5842621
2.85 1701039130.6776938
2.879 1701039130.773015
2.935 1701039130.8712583
2.931 1701039130.9783328
2.928 1701039131.0671918
2.9 1701039131.161801
2.944 1701039131.2559261
2.899 1701039131.3651512
2.927 1701039131.4610674
2.936 1701039131.5557644
2.935 1701039131.6556485
2.941 1701039131.7491982
2.944 1701039131.853557
2.941 1701039131.949179
2.901 1701039132.0494156
2.855 1701039132.1470985
2.859 1701039132.2419193
2.935 1701039132.3364727
2.921 1701039132.4307194
2.937 1701039132.525595
2.939 1701039132.6255322
2.859 1701039132.7221973
2.931 1701039132.827757
2.931 1701039132.9244933
2.899 1701039133.0144231
2.936 1701039133.1179361
2.942 1701039133.2124524
2.94 1701039133.3069344
2.945 1701039133.417107
2.915 1701039133.5118437
2.938 1701039133.6177814
2.925 1701039133.7161007
2.863 1701039133.8078063
2.912 1701039133.9186149
2.929 1701039134.0225906
2.926 1701039134.1187668
2.922 1701039134.2124805
2.924 1701039134.3076863
2.787 1701039134.4178665
2.92 1701039134.5120955
2.953 1701039134.619321
2.924 1701039134.7136872
2.952 1701039134.8083656
2.922 1701039134.9211142
2.945 1701039135.0143332
2.936 1701039135.1172044
2.921 1701039135.2121363
2.953 1701039135.3167799
2.933 1701039135.4121518
2.936 1701039135.506988
2.909 1701039135.6207838
2.811 1701039135.712697
2.837 1701039135.817223
2.867 1701039135.9118416
2.928 1701039136.0221174
2.928 1701039136.1170273
2.923 1701039136.2117767
2.946 1701039136.3197813
2.923 1701039136.4148529
2.913 1701039136.5093825
2.914 1701039136.6222057
2.921 1701039136.713644
2.925 1701039136.822668
2.925 1701039136.915908
2.923 1701039137.0102875
2.918 1701039137.1172686
2.924 1701039137.2120352
2.935 1701039137.307369
2.846 1701039137.416976
2.935 1701039137.5221589
2.911 1701039137.616509
2.943 1701039137.7112124
2.947 1701039137.8213642
2.923 1701039137.9159703
2.954 1701039138.0105867
2.957 1701039138.1215138
2.956 1701039138.212345
2.94 1701039138.3065965
2.954 1701039138.4167936
2.948 1701039138.511745
2.864 1701039138.6171517
2.825 1701039138.7122583
2.84 1701039138.8068662
2.927 1701039138.916892
2.939 1701039139.0114357
2.917 1701039139.1175199
2.94 1701039139.212046
2.933 1701039139.306446
2.941 1701039139.4170027
2.949 1701039139.51194
2.945 1701039139.6198902
2.945 1701039139.715769
2.858 1701039139.8079357
2.821 1701039139.9211805
2.923 1701039140.0140018
2.921 1701039140.1216743
2.934 1701039140.2120872
2.939 1701039140.3073545
2.842 1701039140.4178174
2.943 1701039140.5130827
2.944 1701039140.6169968
2.958 1701039140.7119036
2.922 1701039140.8186831
2.902 1701039140.915211
2.954 1701039141.0202777
2.95 1701039141.116762
2.951 1701039141.2116954
2.95 1701039141.3217723
2.892 1701039141.4168386
2.889 1701039141.511422
2.955 1701039141.617491
2.958 1701039141.712411
2.912 1701039141.806952
2.93 1701039141.9203532
2.963 1701039142.0126505
2.864 1701039142.120387
2.901 1701039142.2118165
2.935 1701039142.3062782
2.948 1701039142.416904
2.947 1701039142.5120165
2.927 1701039142.6208394
2.938 1701039142.7122684
2.867 1701039142.8068023
2.903 1701039142.9173303
2.934 1701039143.0128608
2.939 1701039143.1169379
2.898 1701039143.2199755
2.862 1701039143.3153496
2.931 1701039143.4102323
2.937 1701039143.5202436
2.947 1701039143.6155977
2.946 1701039143.7196057
2.909 1701039143.8141923
2.941 1701039143.9088335
2.953 1701039144.0189435
2.909 1701039144.1065347
2.953 1701039144.2173314
2.933 1701039144.3120341
2.934 1701039144.407149
2.86 1701039144.5172849
2.933 1701039144.612392
2.934 1701039144.7077248
2.941 1701039144.818068
2.847 1701039144.9207983
2.894 1701039145.0070338
2.931 1701039145.1163666
2.937 1701039145.2111228
2.938 1701039145.3206167
2.908 1701039145.421337
2.914 1701039145.5087628
2.919 1701039145.6171446
2.922 1701039145.7119825
2.949 1701039145.820279
2.918 1701039145.9204776
2.903 1701039146.0110998
2.904 1701039146.1169043
2.939 1701039146.2114422
2.926 1701039146.3214643
2.939 1701039146.4160197
2.952 1701039146.5102332
2.957 1701039146.616964
2.908 1701039146.7124472
2.922 1701039146.8066034
2.948 1701039146.9176257
2.952 1701039147.0125148
2.955 1701039147.1170454
2.96 1701039147.2115855
2.835 1701039147.3065574
2.814 1701039147.4163146
2.917 1701039147.5112052
2.952 1701039147.602138
2.962 1701039147.7119246
2.945 1701039147.8069975
2.909 1701039147.9018269
2.894 1701039147.9962254
2.908 1701039148.1007843
2.942 1701039148.1955664
2.947 1701039148.291431
2.933 1701039148.4011328
2.946 1701039148.5037665
2.921 1701039148.598846
2.925 1701039148.6930373
2.936 1701039148.8036525
2.948 1701039148.8987112
2.898 1701039149.0034165
2.86 1701039149.1035018
2.924 1701039149.197701
2.931 1701039149.2922935
2.948 1701039149.4020684
2.944 1701039149.4962132
2.949 1701039149.6001518
2.928 1701039149.6943345
2.947 1701039149.804492
2.952 1701039149.8986406
2.955 1701039149.993358
2.962 1701039150.1007528
2.967 1701039150.1947174
2.951 1701039150.3049147
2.971 1701039150.3991864
2.967 1701039150.4937685
2.877 1701039150.6033502
2.976 1701039150.70522
2.988 1701039150.7902274
2.999 1701039150.9000082
3.035 1701039150.9943228
3.032 1701039151.1044722
2.847 1701039151.2051032
2.948 1701039151.2906153
2.999 1701039151.404926
3.001 1701039151.5051484
3.018 1701039151.603678
3.0 1701039151.7053354
2.916 1701039151.7982051
2.857 1701039151.8931863
2.846 1701039152.0054095
2.85 1701039152.0976145
2.978 1701039152.2025616
2.977 1701039152.3042836
2.879 1701039152.3917017
2.894 1701039152.486379
2.935 1701039152.5972211
2.909 1701039152.6917439
2.943 1701039152.7841089
2.944 1701039152.8858666
2.923 1701039152.9803958
2.934 1701039153.0851588
2.937 1701039153.179677
2.937 1701039153.284819
2.933 1701039153.3793414
2.949 1701039153.4739022
2.953 1701039153.5847545
2.963 1701039153.679322
2.964 1701039153.773946
2.962 1701039153.8668659
2.881 1701039153.9711382
2.942 1701039154.0717227
2.929 1701039154.1668484
2.97 1701039154.2670374
2.977 1701039154.3630497
2.981 1701039154.4576328
3.029 1701039154.5566971
2.987 1701039154.6471663
2.981 1701039154.742085
2.986 1701039154.8384368
2.994 1701039154.947527
2.997 1701039155.0416906
3.003 1701039155.139282
2.925 1701039155.2364607
2.935 1701039155.3376446
2.906 1701039155.432238
2.94 1701039155.5235064
2.994 1701039155.6230457
2.948 1701039155.7227576
3.013 1701039155.8254874
2.944 1701039155.921318
2.943 1701039156.027794
2.93 1701039156.1221673
2.93 1701039156.2248454
2.979 1701039156.3200002
3.024 1701039156.41976
2.95 1701039156.5197265
2.977 1701039156.619785
2.918 1701039156.720396
2.884 1701039156.8210938
2.965 1701039156.9215422
2.904 1701039157.0198476
2.967 1701039157.1214561
2.931 1701039157.2122474
2.918 1701039157.317638
2.863 1701039157.4164748
2.834 1701039157.5113766
2.948 1701039157.6143036
2.952 1701039157.7069054
2.96 1701039157.805473
2.958 1701039157.9126484
2.954 1701039158.014511
2.954 1701039158.1181781
2.948 1701039158.2134302
2.954 1701039158.3166034
2.89 1701039158.4160388
2.961 1701039158.505324
2.753 1701039158.6054206
2.867 1701039158.7055087
2.942 1701039158.8054144
2.922 1701039158.9132786
2.918 1701039159.00528
2.886 1701039159.109974
2.95 1701039159.20536
2.865 1701039159.3065884
2.934 1701039159.4054935
2.944 1701039159.5049055
2.946 1701039159.6028752
2.93 1701039159.7028239
2.921 1701039159.7976205
2.834 1701039159.9006677
2.921 1701039159.990235
2.907 1701039160.0983255
2.94 1701039160.1883
2.928 1701039160.2882106
2.918 1701039160.3883836
2.909 1701039160.490226
2.949 1701039160.5901532
2.904 1701039160.6888738
2.931 1701039160.7879465
2.939 1701039160.8860881
2.942 1701039160.986149
2.926 1701039161.086995
2.948 1701039161.1738572
2.951 1701039161.2814715
2.922 1701039161.3729532
2.827 1701039161.4730184
2.848 1701039161.5729878
2.811 1701039161.6693666
2.9 1701039161.7673836
2.938 1701039161.8565974
2.928 1701039161.9580889
2.937 1701039162.0530412
2.906 1701039162.153192
2.942 1701039162.252701
2.941 1701039162.353109
2.939 1701039162.4497142
2.904 1701039162.5406039
2.949 1701039162.6407745
2.933 1701039162.7421708
2.922 1701039162.8360639
2.926 1701039162.9360318
2.912 1701039163.0337932
2.833 1701039163.1321087
2.933 1701039163.2229416
2.943 1701039163.3224232
2.943 1701039163.4215844
2.946 1701039163.5233467
2.951 1701039163.6228771
2.956 1701039163.7211225
2.962 1701039163.8192675
2.96 1701039163.919297
2.959 1701039164.0213492
2.959 1701039164.1193347
2.801 1701039164.2161946
2.919 1701039164.3067198
2.893 1701039164.4082687
2.953 1701039164.5049906
2.904 1701039164.6053221
2.955 1701039164.7048147
2.884 1701039164.8060396
2.959 1701039164.9081426
2.955 1701039165.0047476
2.954 1701039165.105131
2.953 1701039165.204636
2.936 1701039165.3049996
2.932 1701039165.4025056
2.941 1701039165.5025253
2.824 1701039165.602505
2.94 1701039165.700082
2.857 1701039165.802582
2.849 1701039165.8984456
2.903 1701039165.9984355
2.935 1701039166.1016963
2.943 1701039166.1977782
2.941 1701039166.302497
2.948 1701039166.4025576
2.948 1701039166.499202
2.952 1701039166.5880466
2.949 1701039166.6979346
2.942 1701039166.7998652
2.804 1701039166.9017353
2.93 1701039166.9970076
2.933 1701039167.0990286
2.942 1701039167.1878362
2.901 1701039167.2876863
2.93 1701039167.388298
2.951 1701039167.489406
2.955 1701039167.5915012
2.952 1701039167.6880395
2.948 1701039167.7875316
2.885 1701039167.8858168
2.912 1701039167.9834192
2.851 1701039168.0793116
2.921 1701039168.1816213
2.92 1701039168.2783432
2.928 1701039168.3715816
2.939 1701039168.4737232
2.915 1701039168.5733025
2.839 1701039168.672338
2.933 1701039168.7690496
2.938 1701039168.8547602
2.946 1701039168.9555137
2.947 1701039169.0546253
2.95 1701039169.154337
2.947 1701039169.2545414
2.951 1701039169.3514197
2.963 1701039169.4473314
2.969 1701039169.5379522
3.024 1701039169.6376498
3.023 1701039169.7378147
2.914 1701039169.8357162
2.813 1701039169.9312823
2.94 1701039170.0215967
2.972 1701039170.1295197
2.933 1701039170.2213445
2.933 1701039170.3216484
2.98 1701039170.421289
3.034 1701039170.5215952
3.037 1701039170.620914
2.984 1701039170.7191038
2.982 1701039170.815173
2.927 1701039170.9193423
2.976 1701039171.021623
2.977 1701039171.1214545
2.978 1701039171.2214146
2.982 1701039171.3189442
2.949 1701039171.4190762
3.038 1701039171.518946
2.805 1701039171.618928
2.832 1701039171.7189784
2.944 1701039171.8194497
2.954 1701039171.9189334
2.95 1701039172.0189407
2.976 1701039172.1189363
2.978 1701039172.218915
2.865 1701039172.3189213
2.967 1701039172.4053836
2.911 1701039172.5188882
2.872 1701039172.6188967
2.848 1701039172.7188852
2.945 1701039172.818918
2.943 1701039172.9189067
2.951 1701039173.0188668
2.95 1701039173.1188824
2.965 1701039173.2188551
2.974 1701039173.3189068
2.975 1701039173.4189029
2.849 1701039173.5188875
2.889 1701039173.6190531
2.96 1701039173.7189448
2.955 1701039173.8188767
2.961 1701039173.9193852
2.963 1701039174.0189502
2.97 1701039174.1188214
2.95 1701039174.2188036
2.914 1701039174.3187945
2.918 1701039174.417809
2.943 1701039174.5188174
2.959 1701039174.6187818
2.961 1701039174.7188106
2.96 1701039174.8188493
2.927 1701039174.9187999
2.94 1701039175.0188606
2.971 1701039175.1188867
2.982 1701039175.2187831
2.982 1701039175.3188741
2.879 1701039175.4187799
2.862 1701039175.5094786
2.97 1701039175.6188362
2.876 1701039175.718902
2.937 1701039175.81876
2.934 1701039175.9194155
2.966 1701039176.0187182
2.969 1701039176.1187735
2.974 1701039176.218764
2.97 1701039176.3188908
2.938 1701039176.4188418
2.966 1701039176.5188105
2.97 1701039176.6165519
2.897 1701039176.7193036
2.893 1701039176.8188028
2.923 1701039176.9187734
2.949 1701039177.0206625
2.961 1701039177.1187072
2.964 1701039177.218706
2.976 1701039177.3187556
2.984 1701039177.418693
2.986 1701039177.51876
2.985 1701039177.6186657
2.886 1701039177.7143567
2.848 1701039177.8186932
2.919 1701039177.9186478
2.949 1701039178.0187814
2.965 1701039178.121476
2.966 1701039178.2191422
2.976 1701039178.3201034
2.984 1701039178.4186463
2.994 1701039178.518706
3.013 1701039178.618624
2.869 1701039178.7185974
2.983 1701039178.8186915
2.981 1701039178.918599
2.899 1701039179.0208695
2.971 1701039179.118727
2.932 1701039179.2187135
2.976 1701039179.319573
3.031 1701039179.4153347
3.028 1701039179.5186217
2.878 1701039179.6186197
2.987 1701039179.7186053
2.88 1701039179.8185472
2.934 1701039179.9185784
2.833 1701039180.0213227
2.901 1701039180.118558
2.9 1701039180.21853
2.947 1701039180.3101711
2.954 1701039180.4200506
2.953 1701039180.51857
2.964 1701039180.6164298
2.97 1701039180.7200372
2.973 1701039180.8201797
2.97 1701039180.920123
2.938 1701039181.0209033
2.922 1701039181.1192656
2.91 1701039181.2185426
2.961 1701039181.320328
2.898 1701039181.418501
2.969 1701039181.510709
3.025 1701039181.615061
2.99 1701039181.7039974
3.001 1701039181.8102388
3.008 1701039181.906235
2.996 1701039182.003806
3.01 1701039182.104191
2.953 1701039182.2083533
2.896 1701039182.3047419
2.859 1701039182.404585
2.949 1701039182.502629
2.947 1701039182.6018531
2.973 1701039182.7047765
2.984 1701039182.8041558
3.037 1701039182.90393
2.994 1701039183.0040975
2.992 1701039183.1043615
2.991 1701039183.201765
3.029 1701039183.3017504
2.984 1701039183.4017959
2.982 1701039183.4905488
2.873 1701039183.6017945
2.973 1701039183.7017298
2.879 1701039183.802964
2.925 1701039183.901812
2.912 1701039184.0017054
2.978 1701039184.1017256
2.986 1701039184.201807
2.989 1701039184.301764
2.947 1701039184.3970032
3.036 1701039184.501766
3.022 1701039184.6022441
2.945 1701039184.7017875
2.976 1701039184.8018785
2.912 1701039184.9017847
2.946 1701039185.0019066
2.899 1701039185.1017556
2.968 1701039185.2023282
2.92 1701039185.3017013
3.041 1701039185.4022012
2.983 1701039185.5016592
2.935 1701039185.6016212
2.983 1701039185.7006404
2.945 1701039185.7956588
2.904 1701039185.9016366
2.922 1701039186.0016837
2.963 1701039186.1016607
2.943 1701039186.2017257
2.901 1701039186.30168
2.861 1701039186.402475
2.953 1701039186.5016258
2.961 1701039186.6023638
2.971 1701039186.701634
2.972 1701039186.8022413
2.977 1701039186.901626
2.948 1701039187.0015948
