2.17 1701042456.6062272
2.087 1701042456.7009706
2.092 1701042456.8000004
2.05 1701042456.8992991
2.023 1701042456.9996004
2.088 1701042457.0954204
2.032 1701042457.1991158
2.023 1701042457.2989814
1.996 1701042457.3994074
1.926 1701042457.5000277
1.981 1701042457.599646
1.89 1701042457.6992047
1.962 1701042457.7996187
2.054 1701042457.902089
2.054 1701042457.999396
2.038 1701042458.0996842
1.984 1701042458.1998796
2.075 1701042458.3008616
1.982 1701042458.395205
1.981 1701042458.490412
1.938 1701042458.6012137
1.985 1701042458.6962717
1.985 1701042458.7960002
1.998 1701042458.8859768
1.985 1701042458.9959996
1.987 1701042459.0909498
1.876 1701042459.1855159
1.869 1701042459.2964535
1.925 1701042459.3907125
1.944 1701042459.5010986
1.971 1701042459.5944223
1.966 1701042459.6891131
1.989 1701042459.8022792
1.957 1701042459.900925
1.959 1701042459.998655
2.314 1701042460.0984344
2.314 1701042460.200819
1.993 1701042460.3010235
1.99 1701042460.4006548
1.991 1701042460.5013988
1.996 1701042460.6013372
2.069 1701042460.7021115
2.052 1701042460.8026478
2.024 1701042460.9020088
2.078 1701042461.0019028
2.042 1701042461.0964994
2.079 1701042461.1911452
1.933 1701042461.3007743
2.022 1701042461.3975158
2.04 1701042461.492673
2.035 1701042461.5925877
2.04 1701042461.6874785
2.04 1701042461.8009129
2.058 1701042461.8961694
2.055 1701042461.9946473
2.064 1701042462.0890934
2.08 1701042462.199738
2.067 1701042462.3024714
1.939 1701042462.3980875
2.056 1701042462.4957807
2.063 1701042462.590627
1.975 1701042462.6962783
1.969 1701042462.7907684
1.954 1701042462.8962932
2.058 1701042462.9983914
2.405 1701042463.0928266
2.032 1701042463.2031739
2.015 1701042463.2973533
2.021 1701042463.3991983
2.071 1701042463.4935834
2.081 1701042463.5943773
2.067 1701042463.69663
2.08 1701042463.796147
2.054 1701042463.8976812
1.945 1701042463.9941568
1.978 1701042464.0959787
1.986 1701042464.1908903
2.016 1701042464.3011227
2.051 1701042464.39443
2.037 1701042464.491852
1.967 1701042464.5975935
2.03 1701042464.6923625
1.971 1701042464.8024004
1.994 1701042464.8979876
2.038 1701042465.000178
2.547 1701042465.096586
2.004 1701042465.1934848
1.985 1701042465.2936778
1.982 1701042465.3980682
1.94 1701042465.494385
1.983 1701042465.6031404
2.044 1701042465.6957195
2.06 1701042465.7947466
1.914 1701042465.899618
1.825 1701042465.9952028
1.849 1701042466.0953443
2.018 1701042466.1976323
2.066 1701042466.2955265
1.977 1701042466.3985572
1.951 1701042466.4961793
1.858 1701042466.5964825
1.858 1701042466.6975985
1.877 1701042466.7969797
1.95 1701042466.8970401
1.95 1701042466.9973555
2.356 1701042467.1010427
1.982 1701042467.1974204
1.86 1701042467.3026965
1.905 1701042467.3976665
1.973 1701042467.4979577
1.985 1701042467.5981097
1.995 1701042467.6984532
1.995 1701042467.7988827
1.917 1701042467.901454
1.99 1701042467.999383
1.994 1701042468.099765
2.011 1701042468.2018113
2.024 1701042468.3035398
2.035 1701042468.3997476
2.044 1701042468.4999769
2.028 1701042468.6002693
2.03 1701042468.7007825
2.065 1701042468.8010275
2.05 1701042468.9009814
2.064 1701042469.0013964
2.064 1701042469.0881317
2.404 1701042469.2009673
2.055 1701042469.2909162
2.03 1701042469.3947442
1.965 1701042469.4891593
2.097 1701042469.6031444
1.986 1701042469.694039
2.036 1701042469.7888362
1.916 1701042469.8978252
2.068 1701042469.992203
1.974 1701042470.1021068
2.061 1701042470.196402
2.069 1701042470.2909427
2.073 1701042470.398727
2.071 1701042470.495146
1.934 1701042470.589577
2.034 1701042470.6998806
1.981 1701042470.800306
2.034 1701042470.8945754
2.051 1701042470.9952455
2.581 1701042471.0900445
2.043 1701042471.2004485
2.051 1701042471.3028188
1.956 1701042471.397127
2.08 1701042471.494773
2.078 1701042471.589982
2.093 1701042471.6998558
2.036 1701042471.799179
2.092 1701042471.8952546
2.005 1701042472.000999
2.062 1701042472.095462
1.864 1701042472.1902544
2.046 1701042472.3008246
2.026 1701042472.3984275
1.914 1701042472.493088
1.882 1701042472.595617
1.952 1701042472.6900542
1.86 1701042472.8010907
1.994 1701042472.89686
2.06 1701042472.991911
2.066 1701042473.0962458
2.004 1701042473.1910877
1.987 1701042473.3007605
1.827 1701042473.398837
1.981 1701042473.4929311
1.982 1701042473.5984995
1.959 1701042473.6924958
1.986 1701042473.8017833
1.987 1701042473.8989174
1.963 1701042473.9934273
2.294 1701042474.0880387
2.029 1701042474.1937437
2.084 1701042474.2917602
2.054 1701042474.3968277
2.064 1701042474.4914303
2.038 1701042474.6007423
2.017 1701042474.6956277
1.971 1701042474.7906137
1.943 1701042474.8971176
2.054 1701042474.9904213
2.066 1701042475.1001384
2.052 1701042475.1972742
2.084 1701042475.2917132
2.035 1701042475.3973303
2.052 1701042475.4917645
2.084 1701042475.6017208
2.084 1701042475.696087
2.067 1701042475.802943
1.99 1701042475.8979104
2.063 1701042475.9922235
2.054 1701042476.102028
2.049 1701042476.1964972
1.955 1701042476.2980404
1.991 1701042476.3979824
2.053 1701042476.4929383
2.061 1701042476.6031477
1.957 1701042476.6989532
2.05 1701042476.7996454
2.047 1701042476.896011
1.841 1701042476.990485
2.061 1701042477.1008198
2.036 1701042477.19511
2.054 1701042477.3007839
2.079 1701042477.3949223
2.074 1701042477.4888237
2.026 1701042477.598773
2.033 1701042477.6928225
2.031 1701042477.8025436
1.997 1701042477.8937593
2.035 1701042477.9892836
2.549 1701042478.0928326
2.067 1701042478.2025685
2.06 1701042478.2969124
1.957 1701042478.3961797
1.908 1701042478.4908206
2.015 1701042478.6007848
1.988 1701042478.6954503
1.965 1701042478.7902792
2.06 1701042478.896895
2.062 1701042478.9930642
2.063 1701042479.087787
2.06 1701042479.1983643
2.082 1701042479.292833
1.895 1701042479.3934786
1.966 1701042479.4928865
1.975 1701042479.6031024
1.973 1701042479.6978235
2.053 1701042479.7927191
2.009 1701042479.894855
1.869 1701042479.9954484
1.98 1701042480.0901022
1.939 1701042480.200822
1.914 1701042480.2955465
2.002 1701042480.3988445
2.0 1701042480.4966052
1.995 1701042480.5922282
1.877 1701042480.6870067
1.948 1701042480.7969623
1.861 1701042480.8977532
1.948 1701042480.9920037
1.935 1701042481.093427
1.967 1701042481.2032056
1.977 1701042481.2984753
1.962 1701042481.396931
1.969 1701042481.4916239
1.978 1701042481.5944102
1.976 1701042481.6942875
1.984 1701042481.789053
1.941 1701042481.8956888
1.954 1701042481.996044
2.379 1701042482.0950685
2.427 1701042482.190269
2.047 1701042482.3005636
2.056 1701042482.398528
2.025 1701042482.4927328
2.022 1701042482.5987983
1.979 1701042482.6928608
2.006 1701042482.8026025
2.051 1701042482.8983314
2.022 1701042482.9933217
2.031 1701042483.0885534
2.08 1701042483.1927986
2.087 1701042483.3019085
2.098 1701042483.402719
2.041 1701042483.4971526
1.934 1701042483.5913885
2.039 1701042483.6959085
1.896 1701042483.7903097
2.044 1701042483.8987198
2.047 1701042483.9973302
2.026 1701042484.1031938
2.031 1701042484.1969829
1.975 1701042484.291451
2.047 1701042484.3938527
2.033 1701042484.4877095
2.051 1701042484.5978925
2.056 1701042484.6919875
2.054 1701042484.7990632
2.057 1701042484.8933892
2.055 1701042484.9877868
2.642 1701042485.0979502
2.083 1701042485.1960506
2.107 1701042485.3027358
2.12 1701042485.3978226
2.017 1701042485.4920602
1.956 1701042485.6017325
1.879 1701042485.6959953
2.066 1701042485.7975206
2.033 1701042485.8977802
2.104 1701042485.992634
2.034 1701042486.102566
1.956 1701042486.1972086
2.003 1701042486.2914453
2.093 1701042486.3986099
2.092 1701042486.4931045
2.08 1701042486.602615
2.015 1701042486.6939492
1.985 1701042486.7986572
1.932 1701042486.8936634
2.024 1701042486.9926417
2.034 1701042487.1017435
2.037 1701042487.1967611
1.958 1701042487.2909887
1.892 1701042487.3972392
1.978 1701042487.491522
2.022 1701042487.6010234
2.06 1701042487.6956303
2.067 1701042487.7898822
2.05 1701042487.8982067
1.925 1701042487.9930186
1.988 1701042488.1027644
2.004 1701042488.197073
2.005 1701042488.2918544
1.942 1701042488.397305
1.934 1701042488.4971542
1.935 1701042488.5891428
1.857 1701042488.6990192
1.855 1701042488.8020291
1.987 1701042488.8990133
1.989 1701042488.9949973
1.989 1701042489.0900817
2.206 1701042489.1996186
1.987 1701042489.2984438
2.059 1701042489.3921413
2.01 1701042489.4966748
2.01 1701042489.5908098
2.072 1701042489.7004964
1.968 1701042489.7947252
2.017 1701042489.8938293
2.063 1701042489.988155
2.028 1701042490.0930185
2.034 1701042490.2027628
1.982 1701042490.2970333
1.993 1701042490.3962972
2.078 1701042490.4907088
2.064 1701042490.5955014
2.045 1701042490.6892097
2.036 1701042490.7990882
2.044 1701042490.8976402
2.046 1701042490.9917643
2.043 1701042491.0963264
2.057 1701042491.1906643
1.879 1701042491.3003402
2.037 1701042491.3973703
1.984 1701042491.4916754
1.986 1701042491.601973
2.067 1701042491.6928504
1.984 1701042491.798562
1.991 1701042491.8948054
1.965 1701042491.9898689
2.031 1701042492.0934277
2.031 1701042492.193147
2.063 1701042492.3029597
1.998 1701042492.3968713
2.023 1701042492.4931352
2.018 1701042492.602834
2.019 1701042492.6966743
1.995 1701042492.7913768
2.029 1701042492.8956716
2.323 1701042492.9913952
2.506 1701042493.100945
2.667 1701042493.1978006
2.073 1701042493.2924926
2.137 1701042493.3984685
2.004 1701042493.4929817
2.038 1701042493.6032178
2.138 1701042493.6974635
2.071 1701042493.7935824
2.002 1701042493.8975425
1.915 1701042493.9925637
1.872 1701042494.1032643
1.955 1701042494.1955578
1.955 1701042494.2944834
2.014 1701042494.3942523
1.972 1701042494.4889958
1.999 1701042494.5985498
1.898 1701042494.6924827
1.963 1701042494.7994132
1.975 1701042494.893497
2.004 1701042494.9973092
2.003 1701042495.0986724
1.968 1701042495.1931853
1.945 1701042495.3030765
1.974 1701042495.392311
1.98 1701042495.502064
2.189 1701042495.596467
1.846 1701042495.690829
2.008 1701042495.8005562
1.892 1701042495.8945904
1.854 1701042495.98967
2.281 1701042496.09294
2.375 1701042496.202819
2.05 1701042496.2971637
2.062 1701042496.3976762
2.054 1701042496.4920902
2.054 1701042496.6024523
1.951 1701042496.6966882
2.062 1701042496.7950883
2.017 1701042496.9018872
2.076 1701042496.9916859
1.928 1701042497.102348
2.052 1701042497.197277
1.972 1701042497.2942147
1.983 1701042497.3960462
2.071 1701042497.4944935
1.93 1701042497.588277
2.064 1701042497.7014368
2.026 1701042497.7956812
1.914 1701042497.8953485
2.027 1701042497.9973743
2.071 1701042498.0917373
2.026 1701042498.2017236
2.039 1701042498.2957876
2.041 1701042498.3971004
2.028 1701042498.4978337
1.869 1701042498.5908983
2.039 1701042498.700665
2.082 1701042498.794681
2.066 1701042498.8968344
2.061 1701042498.991636
2.033 1701042499.0971196
2.038 1701042499.2033439
2.045 1701042499.3022246
2.058 1701042499.395954
2.053 1701042499.489919
2.058 1701042499.5954268
2.061 1701042499.689894
2.08 1701042499.7906997
2.033 1701042499.8929598
2.075 1701042499.9887986
2.72 1701042500.098654
2.078 1701042500.1916635
2.041 1701042500.3020165
2.059 1701042500.3966901
2.141 1701042500.4917688
2.058 1701042500.601627
1.981 1701042500.6936145
2.133 1701042500.7887309
2.052 1701042500.896526
2.122 1701042501.0021493
2.146 1701042501.1023505
2.126 1701042501.1946511
2.065 1701042501.2904267
2.038 1701042501.3975291
2.07 1701042501.492432
2.052 1701042501.6026073
1.983 1701042501.6969576
2.062 1701042501.791211
2.081 1701042501.8974276
1.991 1701042501.9923928
2.037 1701042502.1025295
2.032 1701042502.197486
1.986 1701042502.2928243
2.159 1701042502.39339
1.998 1701042502.4950333
2.067 1701042502.5891182
1.993 1701042502.6995168
1.995 1701042502.8023043
2.043 1701042502.8960087
1.953 1701042502.9908092
2.042 1701042503.1006074
1.969 1701042503.194915
1.951 1701042503.2959986
2.066 1701042503.396427
2.031 1701042503.4913163
2.038 1701042503.6022463
2.036 1701042503.696624
1.88 1701042503.8033588
2.04 1701042503.896727
1.981 1701042503.9918613
2.493 1701042504.1028934
2.054 1701042504.1971433
2.021 1701042504.2919335
2.068 1701042504.3938055
2.059 1701042504.5030434
2.073 1701042504.5990646
1.997 1701042504.6933846
2.039 1701042504.7891421
2.027 1701042504.894863
2.07 1701042504.9895656
2.082 1701042505.1004055
2.083 1701042505.1949706
2.052 1701042505.2904065
1.967 1701042505.3983488
2.017 1701042505.4925644
1.996 1701042505.6025934
2.053 1701042505.696954
2.063 1701042505.791716
2.075 1701042505.8962653
2.06 1701042505.992608
1.975 1701042506.1026127
2.068 1701042506.1970043
2.009 1701042506.2936573
2.061 1701042506.3967044
1.906 1701042506.493848
2.046 1701042506.5993478
1.97 1701042506.69851
1.869 1701042506.7986887
1.902 1701042506.8981695
1.962 1701042506.9977403
2.19 1701042507.0991364
2.052 1701042507.19829
1.98 1701042507.3001788
2.016 1701042507.40204
2.016 1701042507.5011215
2.012 1701042507.5958006
2.015 1701042507.6946628
2.017 1701042507.7999873
1.992 1701042507.8948927
2.013 1701042507.9948583
2.017 1701042508.0998557
2.033 1701042508.1979933
2.036 1701042508.29726
2.046 1701042508.398078
2.063 1701042508.497426
2.076 1701042508.5972977
2.006 1701042508.698773
2.067 1701042508.799027
2.049 1701042508.8993206
2.078 1701042508.9989645
2.083 1701042509.0961561
1.971 1701042509.1961808
2.021 1701042509.2991166
2.084 1701042509.396039
2.0 1701042509.4962394
2.001 1701042509.5994751
2.065 1701042509.6965923
1.966 1701042509.7966323
2.068 1701042509.900303
1.994 1701042509.9968848
1.994 1701042510.0972555
2.043 1701042510.2001665
2.03 1701042510.2976823
2.061 1701042510.3978405
2.044 1701042510.5011663
2.039 1701042510.5983715
2.04 1701042510.6987474
2.049 1701042510.8006809
1.968 1701042510.8994539
1.965 1701042510.9996386
2.3 1701042511.0998144
1.913 1701042511.1999147
2.048 1701042511.3003838
2.069 1701042511.4007297
2.04 1701042511.5008628
2.016 1701042511.6010294
2.048 1701042511.701101
2.019 1701042511.8014445
1.897 1701042511.901749
2.038 1701042512.001904
1.927 1701042512.1020505
2.024 1701042512.2024174
1.956 1701042512.300771
1.916 1701042512.3952198
1.94 1701042512.4900186
1.916 1701042512.600188
1.995 1701042512.6928015
1.995 1701042512.7962182
1.985 1701042512.8899226
1.953 1701042512.9997354
1.894 1701042513.0938723
1.953 1701042513.188095
1.899 1701042513.2979233
1.96 1701042513.3919415
1.91 1701042513.5020924
1.968 1701042513.5964563
1.973 1701042513.6916385
1.965 1701042513.8009188
1.953 1701042513.8953252
1.961 1701042513.9896762
1.874 1701042514.0996847
1.958 1701042514.1938827
1.881 1701042514.2889712
1.852 1701042514.3988707
1.868 1701042514.4955955
1.971 1701042514.6033473
1.951 1701042514.6976516
1.91 1701042514.7918284
1.945 1701042514.8864095
1.945 1701042514.9975708
1.95 1701042515.0917306
2.492 1701042515.1868246
1.996 1701042515.292651
2.082 1701042515.3874195
2.011 1701042515.4981055
2.013 1701042515.5937452
1.924 1701042515.6880472
2.014 1701042515.7982147
2.023 1701042515.8927689
2.083 1701042516.0030737
2.052 1701042516.0977714
2.061 1701042516.1926405
2.07 1701042516.3029456
1.963 1701042516.3976974
2.021 1701042516.4921608
