2.34 1699054984.0418532
2.995 1699054984.1524978
2.898 1699054984.247759
2.488 1699054984.3521328
2.467 1699054984.4466918
2.454 1699054984.5593004
2.416 1699054984.6539114
2.414 1699054984.764109
2.433 1699054984.853474
2.398 1699054984.964113
2.45 1699054985.0712683
2.499 1699054985.1712804
2.492 1699054985.2712393
2.551 1699054985.372593
2.923 1699054985.471174
2.579 1699054985.5736413
2.41 1699054985.6712139
2.459 1699054985.7785175
2.391 1699054985.873402
2.383 1699054985.982521
2.489 1699054986.0714927
2.411 1699054986.1804974
2.4 1699054986.275422
2.337 1699054986.3873484
2.482 1699054986.4896817
2.395 1699054986.5912454
2.375 1699054986.6854348
2.289 1699054986.7865472
2.344 1699054986.8808515
2.402 1699054986.987492
2.269 1699054987.0864286
2.418 1699054987.196363
2.417 1699054987.28778
2.241 1699054987.390238
2.373 1699054987.4892755
2.39 1699054987.5904331
2.409 1699054987.6845677
2.403 1699054987.794553
2.282 1699054987.8888624
2.284 1699054987.9990468
2.332 1699054988.0895367
2.388 1699054988.184013
2.415 1699054988.2947183
2.401 1699054988.3888688
2.41 1699054988.4867396
2.769 1699054988.5857732
2.413 1699054988.6952314
2.415 1699054988.7896247
2.43 1699054988.8995676
2.428 1699054988.994223
2.433 1699054989.0866601
2.445 1699054989.1970766
2.452 1699054989.2913678
2.46 1699054989.3852534
2.483 1699054989.495703
2.501 1699054989.5902517
2.494 1699054989.6994379
2.436 1699054989.7937732
2.441 1699054989.888126
2.499 1699054989.9986575
2.943 1699054990.088107
2.535 1699054990.1855526
2.409 1699054990.2955651
2.377 1699054990.389995
2.396 1699054990.4841568
2.465 1699054990.5898223
2.33 1699054990.6857626
2.33 1699054990.7965343
2.461 1699054990.89115
2.399 1699054990.9861166
2.392 1699054991.0880797
2.356 1699054991.1881876
2.327 1699054991.2979403
2.26 1699054991.392999
2.281 1699054991.4878058
2.407 1699054991.5895534
2.41 1699054991.6861746
2.345 1699054991.7862673
2.394 1699054991.8950763
2.409 1699054991.9898393
2.397 1699054992.089264
2.397 1699054992.186864
2.334 1699054992.288049
2.377 1699054992.3983698
2.394 1699054992.493358
2.418 1699054992.5891604
2.384 1699054992.6877627
2.388 1699054992.7889812
2.398 1699054992.8880765
2.396 1699054992.9940386
2.376 1699054993.0900912
2.674 1699054993.1886153
2.417 1699054993.2886653
2.343 1699054993.3983395
2.411 1699054993.493513
2.373 1699054993.5889544
2.22 1699054993.6891859
2.32 1699054993.7937553
2.341 1699054993.889426
2.341 1699054993.9951074
2.397 1699054994.0897343
2.374 1699054994.1984246
2.299 1699054994.2931051
2.307 1699054994.3901792
2.266 1699054994.4967685
2.329 1699054994.590469
2.264 1699054994.690572
2.744 1699054994.7939532
2.368 1699054994.8911166
2.37 1699054994.9910424
2.255 1699054995.0914867
2.285 1699054995.1915505
2.367 1699054995.2942603
2.292 1699054995.3919528
2.375 1699054995.4923303
2.411 1699054995.5923436
2.338 1699054995.6998546
2.411 1699054995.7945287
2.313 1699054995.8926961
2.406 1699054995.9927924
2.383 1699054996.0927236
2.338 1699054996.1927378
2.643 1699054996.2953513
2.668 1699054996.3930073
2.4 1699054996.4933712
2.311 1699054996.5935557
2.311 1699054996.6939125
2.41 1699054996.7967293
2.379 1699054996.8944623
2.338 1699054996.994688
2.369 1699054997.0947957
2.402 1699054997.1985803
2.379 1699054997.2954204
2.285 1699054997.3957977
2.426 1699054997.495976
2.304 1699054997.5962396
2.391 1699054997.6962478
2.397 1699054997.796462
2.703 1699054997.8967354
2.399 1699054997.9970665
2.381 1699054998.0974052
2.336 1699054998.1974378
2.271 1699054998.2976296
2.31 1699054998.3976629
2.384 1699054998.484082
2.384 1699054998.5859172
2.326 1699054998.6826615
2.326 1699054998.7926548
2.397 1699054998.887167
2.399 1699054998.9980183
2.399 1699054999.0912356
2.368 1699054999.1864245
2.324 1699054999.2845047
2.329 1699054999.3872082
2.802 1699054999.4972267
2.302 1699054999.5863411
2.343 1699054999.6875792
2.328 1699054999.7976084
2.304 1699054999.8922853
2.387 1699054999.9862516
2.279 1699055000.0847697
2.395 1699055000.1953743
2.395 1699055000.2976441
2.381 1699055000.3934424
2.325 1699055000.4863043
2.29 1699055000.588296
2.322 1699055000.69848
2.314 1699055000.7853212
2.242 1699055000.895767
2.566 1699055000.99048
2.552 1699055001.0857697
2.342 1699055001.1954074
2.428 1699055001.284802
2.365 1699055001.395566
2.373 1699055001.490733
2.292 1699055001.588961
2.333 1699055001.699489
2.344 1699055001.7888818
2.336 1699055001.897903
2.372 1699055001.9922094
2.327 1699055002.089268
2.39 1699055002.1834567
2.34 1699055002.293745
2.286 1699055002.3872693
2.284 1699055002.49563
2.805 1699055002.5884538
2.39 1699055002.698326
2.302 1699055002.792737
2.383 1699055002.887291
2.379 1699055002.997083
2.327 1699055003.0873241
2.397 1699055003.1968732
2.27 1699055003.2912228
2.377 1699055003.3903358
2.237 1699055003.483261
2.328 1699055003.5866807
2.371 1699055003.6972735
2.369 1699055003.7914112
2.423 1699055003.8862708
2.312 1699055003.983039
2.388 1699055004.0869122
2.973 1699055004.1970625
2.403 1699055004.2915351
2.421 1699055004.3917696
2.436 1699055004.4849412
2.441 1699055004.5857036
2.45 1699055004.6957974
2.455 1699055004.7906206
2.478 1699055004.8848886
2.474 1699055004.9868877
2.509 1699055005.088148
2.421 1699055005.1978319
2.507 1699055005.2921858
2.491 1699055005.387347
2.458 1699055005.4963584
2.531 1699055005.5911572
2.539 1699055005.6862602
2.523 1699055005.7972417
2.492 1699055005.8920927
2.47 1699055005.9869006
2.379 1699055006.099508
2.388 1699055006.1944714
2.377 1699055006.2889767
2.355 1699055006.38336
2.293 1699055006.4938517
2.362 1699055006.585351
2.415 1699055006.695044
2.416 1699055006.7899423
2.365 1699055006.8841653
2.442 1699055006.9946365
2.329 1699055007.0898423
2.38 1699055007.1835966
2.903 1699055007.2936223
2.431 1699055007.387947
2.516 1699055007.4977276
2.343 1699055007.5895326
2.424 1699055007.6851711
2.432 1699055007.7961793
2.364 1699055007.890765
2.358 1699055007.9850261
2.393 1699055008.0916784
2.309 1699055008.1856632
2.303 1699055008.2954187
2.247 1699055008.3900917
2.25 1699055008.4841897
2.26 1699055008.5870152
2.26 1699055008.6870582
2.397 1699055008.7971792
2.377 1699055008.8923707
2.237 1699055008.9872954
2.238 1699055009.0876443
2.311 1699055009.1823885
2.341 1699055009.2981591
2.333 1699055009.3919697
2.334 1699055009.4865234
2.335 1699055009.5846078
2.338 1699055009.6945474
2.336 1699055009.7854545
2.344 1699055009.8956542
2.276 1699055009.990223
2.359 1699055010.0887794
2.296 1699055010.1981254
2.431 1699055010.2871342
2.642 1699055010.397245
2.385 1699055010.4916115
2.338 1699055010.5891318
2.405 1699055010.6990414
2.412 1699055010.7937531
2.382 1699055010.8989625
2.41 1699055010.993744
2.313 1699055011.087805
2.397 1699055011.1975374
2.382 1699055011.2920744
2.333 1699055011.3836405
2.394 1699055011.4942656
2.316 1699055011.5873473
2.389 1699055011.6865463
2.402 1699055011.7959094
2.418 1699055011.8857484
2.776 1699055011.995905
2.405 1699055012.0856442
2.416 1699055012.1962714
2.418 1699055012.2906947
2.324 1699055012.3883574
2.265 1699055012.497689
2.283 1699055012.5863357
2.431 1699055012.6960168
2.286 1699055012.790847
2.287 1699055012.88491
2.258 1699055012.9837737
2.284 1699055013.0887923
2.382 1699055013.1830318
2.328 1699055013.293736
2.375 1699055013.3880982
2.387 1699055013.4850326
2.376 1699055013.5859165
2.312 1699055013.69577
2.402 1699055013.7903762
2.358 1699055013.8845677
2.361 1699055013.987046
2.326 1699055014.0849352
2.329 1699055014.1948326
2.369 1699055014.2893925
2.383 1699055014.3835628
2.4 1699055014.493486
2.421 1699055014.5855603
2.439 1699055014.695913
2.446 1699055014.790155
2.461 1699055014.8842835
2.48 1699055014.994285
3.087 1699055015.0883074
2.83 1699055015.1978931
2.55 1699055015.292137
2.501 1699055015.38638
2.591 1699055015.497111
2.435 1699055015.5850973
2.455 1699055015.6960757
2.511 1699055015.7900214
2.556 1699055015.8841286
2.519 1699055015.998952
2.576 1699055016.0859969
2.484 1699055016.199344
2.502 1699055016.2940252
2.326 1699055016.3883197
2.37 1699055016.4821215
2.365 1699055016.5864873
2.531 1699055016.684307
2.331 1699055016.7946265
2.369 1699055016.8888848
2.476 1699055016.9831097
2.38 1699055017.0868804
2.464 1699055017.185395
2.356 1699055017.2952316
2.352 1699055017.39004
2.3 1699055017.4843228
2.363 1699055017.5866554
2.265 1699055017.6878524
2.265 1699055017.7966151
2.379 1699055017.8907666
2.339 1699055017.984691
2.386 1699055018.0878441
2.402 1699055018.196884
2.385 1699055018.2834706
2.398 1699055018.3931112
2.389 1699055018.487303
2.387 1699055018.589293
2.414 1699055018.683475
2.381 1699055018.7854977
2.387 1699055018.8955054
2.282 1699055018.9895308
2.382 1699055019.0846474
2.387 1699055019.1943667
2.243 1699055019.286776
2.402 1699055019.3962233
2.417 1699055019.4904933
2.296 1699055019.5889566
2.418 1699055019.6985266
2.845 1699055019.8048153
2.408 1699055019.9022045
2.389 1699055019.9963582
2.418 1699055020.1032214
2.424 1699055020.1974018
2.413 1699055020.291651
2.418 1699055020.401346
2.321 1699055020.495774
2.392 1699055020.602909
2.386 1699055020.697345
2.378 1699055020.7918584
2.394 1699055020.9030676
2.322 1699055020.9973683
2.397 1699055021.1002305
2.4 1699055021.1946888
2.437 1699055021.3049943
2.43 1699055021.4055095
2.361 1699055021.5014143
2.404 1699055021.6008122
2.272 1699055021.697384
2.379 1699055021.7913196
2.412 1699055021.9011703
2.394 1699055021.9996707
2.38 1699055022.1020765
2.385 1699055022.1962802
2.361 1699055022.2905946
2.417 1699055022.400238
2.387 1699055022.501753
2.38 1699055022.6022437
2.316 1699055022.6964588
2.312 1699055022.791331
2.778 1699055022.9007733
2.405 1699055023.0026526
2.333 1699055023.0895414
2.266 1699055023.1989105
2.401 1699055023.293053
2.4 1699055023.4026983
2.344 1699055023.4973683
2.375 1699055023.6020026
2.303 1699055023.6960227
2.265 1699055023.7909346
2.381 1699055023.900544
2.376 1699055023.9947915
2.324 1699055024.1008599
2.372 1699055024.1948607
2.38 1699055024.2895126
2.425 1699055024.3990614
2.979 1699055024.4936533
2.405 1699055024.6024334
2.419 1699055024.6967714
2.432 1699055024.7919393
2.441 1699055024.9020226
2.453 1699055024.9995341
2.427 1699055025.104252
2.471 1699055025.1993058
2.486 1699055025.2933116
2.505 1699055025.403654
2.515 1699055025.4972026
2.532 1699055025.6018624
2.547 1699055025.7000833
2.35 1699055025.7942307
2.481 1699055025.889074
2.562 1699055025.9989052
2.861 1699055026.1034162
2.552 1699055026.2017024
2.493 1699055026.296833
2.507 1699055026.3915622
2.477 1699055026.5015762
2.401 1699055026.6018128
2.427 1699055026.7023382
2.468 1699055026.79702
2.41 1699055026.8915992
2.319 1699055026.9862397
2.36 1699055027.0854368
2.358 1699055027.1965172
2.352 1699055027.3001168
2.414 1699055027.3947449
2.314 1699055027.4898243
2.824 1699055027.5879245
2.446 1699055027.6980634
2.432 1699055027.7862186
2.41 1699055027.8967645
2.392 1699055027.9996796
2.426 1699055028.0872498
2.429 1699055028.1970546
2.41 1699055028.291356
2.324 1699055028.3971632
2.385 1699055028.4914203
2.376 1699055028.5883381
2.357 1699055028.6981838
2.383 1699055028.7925508
2.314 1699055028.8844109
2.329 1699055028.9943237
2.415 1699055029.0876095
2.414 1699055029.1822052
2.421 1699055029.2925415
2.405 1699055029.3845088
2.392 1699055029.4952261
2.378 1699055029.5858912
2.397 1699055029.6958542
2.429 1699055029.7909944
2.231 1699055029.885094
2.386 1699055029.9986935
2.386 1699055030.0872192
2.39 1699055030.196603
2.389 1699055030.290847
2.392 1699055030.3857017
2.33 1699055030.4982443
2.393 1699055030.5869246
2.403 1699055030.6957686
2.396 1699055030.7900085
2.33 1699055030.8840423
2.287 1699055030.9841669
2.394 1699055031.0877445
2.328 1699055031.1976058
2.23 1699055031.2918513
2.41 1699055031.3860006
2.428 1699055031.4857538
2.388 1699055031.5874445
2.393 1699055031.6974623
2.381 1699055031.7924905
2.387 1699055031.887659
2.39 1699055031.9982812
2.391 1699055032.0848978
2.423 1699055032.1952102
2.802 1699055032.2899923
2.406 1699055032.3995478
2.402 1699055032.4942918
2.293 1699055032.5894628
2.394 1699055032.6845388
2.375 1699055032.7943542
2.378 1699055032.8891761
2.412 1699055032.9986925
2.424 1699055033.085431
2.417 1699055033.1957443
2.425 1699055033.2902408
2.42 1699055033.3858476
2.389 1699055033.4952087
2.3 1699055033.5882773
2.422 1699055033.6868052
2.422 1699055033.7936215
2.8 1699055033.8873692
2.41 1699055033.9970424
2.4 1699055034.0877876
2.433 1699055034.1878457
2.439 1699055034.2958682
2.443 1699055034.3897905
2.45 1699055034.4885464
2.46 1699055034.5887444
2.469 1699055034.6890397
2.505 1699055034.7940137
2.472 1699055034.889175
2.427 1699055034.9892232
2.481 1699055035.0894287
2.453 1699055035.1896253
2.492 1699055035.2966492
2.511 1699055035.3913586
2.506 1699055035.490579
2.422 1699055035.5907216
2.461 1699055035.6954517
2.439 1699055035.7910995
2.503 1699055035.8942363
2.426 1699055035.9916244
2.461 1699055036.0919144
2.502 1699055036.1919506
2.383 1699055036.2922318
2.34 1699055036.3958466
2.348 1699055036.492607
2.359 1699055036.592744
2.391 1699055036.6928716
2.462 1699055036.7928967
2.394 1699055036.893057
2.754 1699055036.9930844
2.646 1699055037.092984
2.431 1699055037.1950214
2.357 1699055037.2930465
2.314 1699055037.3975246
2.44 1699055037.4932628
2.393 1699055037.5935667
2.312 1699055037.6982882
2.323 1699055037.7939312
2.414 1699055037.8940892
2.309 1699055037.9975052
2.421 1699055038.094016
2.377 1699055038.197537
2.366 1699055038.2939973
2.392 1699055038.3940642
2.425 1699055038.4959474
2.764 1699055038.5949078
2.415 1699055038.6974523
2.417 1699055038.7950406
2.339 1699055038.8950167
2.37 1699055038.9978402
2.419 1699055039.0957146
2.422 1699055039.1968942
2.311 1699055039.2960324
2.382 1699055039.3960874
2.295 1699055039.4962263
2.313 1699055039.5971444
2.341 1699055039.6961787
2.404 1699055039.796074
2.315 1699055039.8980439
2.388 1699055039.9959948
2.777 1699055040.0960388
2.408 1699055040.1961253
2.409 1699055040.2962914
2.382 1699055040.397676
2.393 1699055040.496539
2.404 1699055040.596687
2.367 1699055040.6983652
2.406 1699055040.7968898
2.396 1699055040.897149
2.317 1699055040.9972515
2.418 1699055041.0973887
2.403 1699055041.1827312
2.339 1699055041.2980142
2.381 1699055041.3983946
2.43 1699055041.4833014
2.433 1699055041.5836627
2.733 1699055041.6939206
2.433 1699055041.7883961
2.358 1699055041.8831282
2.311 1699055041.99392
2.387 1699055042.0852778
2.307 1699055042.1952367
2.412 1699055042.2900996
2.318 1699055042.384928
2.385 1699055042.4946423
2.407 1699055042.5877867
2.408 1699055042.6974373
2.334 1699055042.7925377
2.388 1699055042.887395
2.398 1699055042.9974499
2.289 1699055043.0863702
2.408 1699055043.199556
2.395 1699055043.2947004
2.388 1699055043.3897247
2.393 1699055043.484854
2.389 1699055043.587342
2.374 1699055043.6848288
2.428 1699055043.7958636
2.408 1699055043.8911178
2.412 1699055043.9858263
