2.3 1701039532.961841
2.335 1701039533.0502367
2.334 1701039533.145675
2.255 1701039533.2402084
2.315 1701039533.3503616
2.331 1701039533.4450426
2.333 1701039533.5372584
2.333 1701039533.6327953
2.338 1701039533.739328
2.348 1701039533.8338852
2.414 1701039533.9330614
2.364 1701039534.022595
2.373 1701039534.1171484
2.379 1701039534.211096
2.324 1701039534.3173451
2.324 1701039534.4118698
2.402 1701039534.5205898
2.389 1701039534.621398
2.414 1701039534.7161942
2.345 1701039534.8110027
2.32 1701039534.9211476
2.283 1701039535.0159972
2.331 1701039535.1211703
2.413 1701039535.221184
2.337 1701039535.3104527
2.271 1701039535.416895
2.343 1701039535.511659
2.306 1701039535.6176872
2.355 1701039535.7122104
2.352 1701039535.8072038
2.353 1701039535.9201481
2.362 1701039536.0202665
2.339 1701039536.1227632
2.328 1701039536.2225325
2.356 1701039536.3202953
2.364 1701039536.4084225
2.366 1701039536.5186765
2.373 1701039536.6138265
2.374 1701039536.71997
2.377 1701039536.8194861
2.385 1701039536.9140363
2.397 1701039537.0087373
2.398 1701039537.1210055
2.369 1701039537.206566
2.384 1701039537.3092968
2.405 1701039537.4222336
2.407 1701039537.521533
2.418 1701039537.618848
2.322 1701039537.7136402
2.338 1701039537.813642
2.315 1701039537.9130092
2.239 1701039538.0168092
2.271 1701039538.1120338
2.271 1701039538.2067716
2.165 1701039538.3208287
2.269 1701039538.4163177
2.325 1701039538.5233297
2.337 1701039538.620277
2.433 1701039538.7219188
2.343 1701039538.8163967
2.342 1701039538.919394
2.339 1701039539.0200684
2.341 1701039539.1229045
2.343 1701039539.215587
2.345 1701039539.3201077
2.278 1701039539.4231691
2.294 1701039539.5203023
2.351 1701039539.6200302
2.364 1701039539.7089064
2.376 1701039539.821996
2.387 1701039539.9221284
2.377 1701039540.0227637
2.398 1701039540.1221747
2.398 1701039540.2178643
2.405 1701039540.3129442
2.409 1701039540.421635
2.376 1701039540.5149014
2.39 1701039540.6186202
2.407 1701039540.7245507
2.371 1701039540.823347
2.371 1701039540.9224946
2.209 1701039541.0187745
2.209 1701039541.1156187
2.318 1701039541.2211976
2.27 1701039541.3203893
2.396 1701039541.4193926
2.37 1701039541.5146286
2.278 1701039541.6215918
2.314 1701039541.7224953
2.354 1701039541.8189733
2.293 1701039541.9179585
2.336 1701039542.0245109
2.336 1701039542.12352
2.343 1701039542.2243154
2.331 1701039542.321566
2.333 1701039542.4185948
2.333 1701039542.5201557
2.338 1701039542.6210785
2.355 1701039542.7214139
2.382 1701039542.8225596
2.382 1701039542.9192662
2.389 1701039543.0337598
2.411 1701039543.1359596
2.409 1701039543.233762
2.42 1701039543.3295183
2.435 1701039543.422972
2.425 1701039543.519117
2.442 1701039543.6213965
2.375 1701039543.7189374
2.375 1701039543.823257
2.352 1701039543.922153
2.385 1701039544.024638
2.422 1701039544.1226008
2.419 1701039544.220405
2.344 1701039544.320694
2.283 1701039544.421419
2.241 1701039544.5203943
2.24 1701039544.6199634
2.233 1701039544.7227738
2.339 1701039544.8198857
2.335 1701039544.919332
2.294 1701039545.0147707
2.272 1701039545.1209445
2.342 1701039545.220495
2.25 1701039545.3089955
2.314 1701039545.4188426
2.314 1701039545.513863
2.343 1701039545.6102386
2.311 1701039545.7180643
2.314 1701039545.8150315
2.315 1701039545.9199567
2.296 1701039546.0201287
2.323 1701039546.1185129
2.345 1701039546.214091
2.342 1701039546.3237472
2.353 1701039546.410311
2.353 1701039546.5207713
2.364 1701039546.615413
2.375 1701039546.7103434
2.382 1701039546.819085
2.4 1701039546.9132643
2.417 1701039547.019882
2.43 1701039547.114441
2.445 1701039547.2089796
2.453 1701039547.3165886
2.46 1701039547.4118989
2.481 1701039547.5226772
2.477 1701039547.6208012
2.485 1701039547.716807
2.463 1701039547.8170717
2.498 1701039547.91632
2.508 1701039548.021352
2.505 1701039548.1181238
2.327 1701039548.2207718
2.463 1701039548.30787
2.506 1701039548.4109898
2.492 1701039548.5059505
2.497 1701039548.615285
2.49 1701039548.719866
2.475 1701039548.8166823
2.413 1701039548.910873
2.378 1701039549.0136976
2.331 1701039549.1205637
2.448 1701039549.2199502
2.412 1701039549.3200347
2.444 1701039549.4198277
2.445 1701039549.5210366
2.372 1701039549.619874
2.433 1701039549.7140765
2.415 1701039549.8149707
2.385 1701039549.9141703
2.432 1701039550.0186653
2.438 1701039550.1174943
2.436 1701039550.2197428
2.436 1701039550.3200037
2.438 1701039550.409774
2.38 1701039550.5201063
2.443 1701039550.6156323
2.45 1701039550.7103493
2.453 1701039550.821189
2.465 1701039550.9213264
2.472 1701039551.0168536
2.479 1701039551.1222942
2.489 1701039551.2189794
2.495 1701039551.3158276
2.497 1701039551.4201698
2.474 1701039551.5194302
2.509 1701039551.62076
2.509 1701039551.719595
2.394 1701039551.8195102
2.411 1701039551.919481
2.357 1701039552.0195496
2.42 1701039552.122049
2.354 1701039552.2201314
2.377 1701039552.3216152
2.342 1701039552.4210289
2.406 1701039552.5228028
2.43 1701039552.6222122
2.306 1701039552.7203813
2.321 1701039552.8213558
2.406 1701039552.922379
2.397 1701039553.021149
2.389 1701039553.1235125
2.25 1701039553.220405
2.361 1701039553.3253584
2.304 1701039553.428313
2.32 1701039553.529155
2.347 1701039553.6309342
2.301 1701039553.7361758
2.278 1701039553.8360083
2.309 1701039553.9365132
2.24 1701039554.0365758
2.295 1701039554.1358287
2.253 1701039554.2361267
2.315 1701039554.3322933
2.316 1701039554.4351177
2.335 1701039554.532731
2.319 1701039554.6312814
2.306 1701039554.7397945
2.325 1701039554.8394456
2.299 1701039554.9386747
2.324 1701039555.0387254
2.328 1701039555.137056
2.329 1701039555.2372124
2.333 1701039555.3333893
2.554 1701039555.4304636
2.362 1701039555.534887
2.375 1701039555.631421
2.385 1701039555.729144
2.412 1701039555.8271163
2.414 1701039555.9246125
2.404 1701039556.0195055
2.395 1701039556.1223412
2.415 1701039556.2229958
2.423 1701039556.3251722
2.433 1701039556.4235723
2.433 1701039556.5239587
2.398 1701039556.6236541
2.427 1701039556.7212555
2.385 1701039556.822491
2.282 1701039556.926671
2.398 1701039557.0526338
2.314 1701039557.1527443
2.359 1701039557.256083
2.409 1701039557.355221
2.419 1701039557.4527907
2.425 1701039557.5578668
2.423 1701039557.658247
2.428 1701039557.7575798
2.389 1701039557.8561
2.361 1701039557.9514322
2.403 1701039558.0526423
2.314 1701039558.1527383
2.311 1701039558.2525935
2.28 1701039558.3484638
2.378 1701039558.4643028
2.321 1701039558.5611618
2.304 1701039558.658242
2.378 1701039558.759121
2.24 1701039558.8575196
2.228 1701039558.9506695
2.259 1701039559.0533793
2.211 1701039559.1529188
2.257 1701039559.2503939
2.3 1701039559.3524506
2.292 1701039559.4467783
2.288 1701039559.5442276
2.288 1701039559.6469245
2.287 1701039559.7485797
2.323 1701039559.8483176
2.294 1701039559.9457855
2.295 1701039560.042263
2.307 1701039560.1423612
2.312 1701039560.2395253
2.296 1701039560.3388648
2.32 1701039560.4336905
2.328 1701039560.5346997
2.34 1701039560.6271658
2.353 1701039560.7255638
2.369 1701039560.8269217
2.385 1701039560.9263816
2.397 1701039561.029117
2.405 1701039561.1272717
2.414 1701039561.223883
2.414 1701039561.3210444
2.392 1701039561.421837
2.384 1701039561.5205195
2.371 1701039561.6203775
2.371 1701039561.7246077
2.422 1701039561.8200688
2.429 1701039561.9219255
2.441 1701039562.0243762
2.447 1701039562.123618
2.453 1701039562.22005
2.452 1701039562.319117
2.431 1701039562.4218109
2.341 1701039562.5212078
2.439 1701039562.619474
2.355 1701039562.7168407
2.357 1701039562.8200748
2.397 1701039562.9197502
2.428 1701039563.0207071
2.432 1701039563.1213677
2.436 1701039563.2199192
2.504 1701039563.3203912
2.503 1701039563.4196365
2.444 1701039563.5163953
2.443 1701039563.6214287
2.352 1701039563.713374
2.382 1701039563.820113
2.299 1701039563.9200795
2.316 1701039564.0067255
2.289 1701039564.1182177
2.32 1701039564.2170303
2.26 1701039564.3199885
2.421 1701039564.4181569
2.263 1701039564.5206282
2.427 1701039564.619562
2.283 1701039564.714202
2.252 1701039564.8161633
2.318 1701039564.9105291
2.234 1701039565.020879
2.295 1701039565.1152065
2.307 1701039565.2206287
2.308 1701039565.3183103
2.308 1701039565.414064
2.328 1701039565.5093396
2.289 1701039565.6189983
2.309 1701039565.7140753
2.339 1701039565.8193557
2.214 1701039565.914862
2.305 1701039566.01002
2.326 1701039566.1154866
2.306 1701039566.2207308
2.316 1701039566.315768
2.328 1701039566.4198596
2.342 1701039566.5172725
2.355 1701039566.6171925
2.365 1701039566.7125864
2.371 1701039566.808043
2.414 1701039566.9206748
2.385 1701039567.018926
2.3 1701039567.11952
2.394 1701039567.2189212
2.402 1701039567.3201525
2.413 1701039567.4188178
2.413 1701039567.5191152
2.435 1701039567.614201
2.443 1701039567.7187881
2.45 1701039567.8183053
2.431 1701039567.919632
2.398 1701039568.019137
2.345 1701039568.1189747
2.433 1701039568.2131622
2.408 1701039568.319072
2.435 1701039568.4186993
2.426 1701039568.521015
2.435 1701039568.6176136
2.45 1701039568.7183673
2.431 1701039568.818839
2.409 1701039568.9202566
2.349 1701039569.0202796
2.353 1701039569.1199505
2.346 1701039569.220474
2.422 1701039569.3189728
2.425 1701039569.422783
2.422 1701039569.523582
2.426 1701039569.6221986
2.403 1701039569.720502
2.318 1701039569.819649
2.389 1701039569.9221911
2.365 1701039570.0201035
2.237 1701039570.1227818
2.224 1701039570.2232645
2.378 1701039570.3218079
2.382 1701039570.4245565
2.379 1701039570.5219193
2.379 1701039570.6219397
2.331 1701039570.7239542
2.423 1701039570.824627
2.382 1701039570.9244618
2.406 1701039571.0233564
2.406 1701039571.1241984
2.374 1701039571.2200253
2.379 1701039571.31936
2.407 1701039571.4208732
2.384 1701039571.5214148
2.33 1701039571.6197748
2.386 1701039571.7233882
2.426 1701039571.819454
2.408 1701039571.9223144
2.406 1701039572.0235503
2.416 1701039572.1226578
2.425 1701039572.2232091
2.403 1701039572.3206336
2.426 1701039572.4217029
2.359 1701039572.5219438
2.426 1701039572.619047
2.434 1701039572.7186317
2.439 1701039572.8191803
2.438 1701039572.9085748
2.446 1701039573.0179634
2.416 1701039573.1130655
2.354 1701039573.2161746
2.333 1701039573.3198178
2.447 1701039573.419837
2.447 1701039573.5198233
2.385 1701039573.613426
2.354 1701039573.7078993
2.294 1701039573.8175843
2.3 1701039573.911978
2.226 1701039574.0091739
2.275 1701039574.1185431
2.392 1701039574.218913
2.323 1701039574.3081605
2.414 1701039574.4184098
2.371 1701039574.518455
2.306 1701039574.6088793
2.262 1701039574.7176645
2.348 1701039574.8138406
2.35 1701039574.908265
2.428 1701039575.0153308
2.343 1701039575.113051
2.352 1701039575.2077003
2.354 1701039575.3032944
2.358 1701039575.407779
2.363 1701039575.5043662
2.378 1701039575.609669
2.39 1701039575.7077591
2.428 1701039575.8075793
2.404 1701039575.9052823
2.415 1701039576.0025175
2.424 1701039576.1003828
2.438 1701039576.1969914
2.457 1701039576.3022366
2.463 1701039576.401265
2.476 1701039576.4962676
2.488 1701039576.603967
2.47 1701039576.701916
2.504 1701039576.802066
2.52 1701039576.9020336
2.531 1701039577.0036047
2.506 1701039577.1032093
2.499 1701039577.2023277
2.499 1701039577.2971501
2.439 1701039577.401915
2.545 1701039577.5003989
2.503 1701039577.590987
2.508 1701039577.7013166
2.474 1701039577.79651
2.447 1701039577.8901942
2.441 1701039577.9997678
2.417 1701039578.0980697
2.398 1701039578.1949358
2.457 1701039578.304857
2.485 1701039578.4025543
2.503 1701039578.5043743
2.498 1701039578.6038516
2.416 1701039578.7050264
2.418 1701039578.7985988
2.425 1701039578.903957
2.391 1701039578.9908578
2.453 1701039579.101482
2.455 1701039579.1984024
2.401 1701039579.292514
2.446 1701039579.3977056
2.495 1701039579.4918602
2.384 1701039579.6020503
2.413 1701039579.7018623
2.508 1701039579.8020203
2.453 1701039579.9032538
2.359 1701039580.002506
2.442 1701039580.1019125
2.442 1701039580.1874135
2.453 1701039580.3023732
2.46 1701039580.3928227
2.466 1701039580.5034366
2.513 1701039580.5979273
2.473 1701039580.6924453
2.431 1701039580.802627
2.47 1701039580.897998
2.503 1701039580.9995048
2.475 1701039581.1025598
2.482 1701039581.1970963
2.484 1701039581.2916505
2.507 1701039581.4017665
2.432 1701039581.4968698
2.492 1701039581.592899
2.402 1701039581.697345
2.492 1701039581.7919252
2.399 1701039581.887366
2.47 1701039581.998521
2.418 1701039582.093299
2.482 1701039582.187962
2.405 1701039582.283275
2.464 1701039582.3951442
2.465 1701039582.485238
2.468 1701039582.5923476
2.518 1701039582.6863992
2.465 1701039582.7854996
2.466 1701039582.8923388
2.464 1701039582.9876072
2.478 1701039583.0822084
2.483 1701039583.185996
2.499 1701039583.2807446
2.508 1701039583.381012
2.523 1701039583.4862514
2.526 1701039583.5809913
2.536 1701039583.684
2.401 1701039583.7811468
2.43 1701039583.8743255
2.469 1701039583.9678578
2.477 1701039584.062819
2.359 1701039584.1573458
2.459 1701039584.2689252
2.364 1701039584.3621588
2.434 1701039584.4567242
2.495 1701039584.550585
2.477 1701039584.6446006
2.519 1701039584.7409
2.492 1701039584.8500745
2.404 1701039584.946696
2.469 1701039585.040209
2.464 1701039585.1348124
2.497 1701039585.2357662
2.464 1701039585.340224
2.41 1701039585.4348023
2.462 1701039585.5358562
2.383 1701039585.6334693
2.355 1701039585.727189
2.339 1701039585.8212683
2.393 1701039585.9243135
2.278 1701039586.0223672
2.278 1701039586.1165287
2.373 1701039586.211282
2.336 1701039586.3188434
2.356 1701039586.4161184
2.34 1701039586.511145
2.336 1701039586.6052754
2.386 1701039586.7153103
2.423 1701039586.809925
2.382 1701039586.904474
2.382 1701039587.0144534
2.386 1701039587.1097605
2.387 1701039587.2047596
2.428 1701039587.3154325
2.4 1701039587.409983
2.407 1701039587.5045273
2.419 1701039587.6162536
2.404 1701039587.7118113
2.421 1701039587.8187525
2.416 1701039587.9178555
2.402 1701039588.0117984
2.343 1701039588.1107974
2.362 1701039588.2100883
2.397 1701039588.3052247
2.244 1701039588.4166481
2.422 1701039588.5188148
2.378 1701039588.6152408
2.315 1701039588.7097838
2.249 1701039588.8184266
2.321 1701039588.918186
2.299 1701039589.0106654
2.362 1701039589.1054204
2.341 1701039589.2155843
2.431 1701039589.310849
2.43 1701039589.4053829
2.359 1701039589.5154958
2.366 1701039589.6104991
2.413 1701039589.7050261
2.378 1701039589.8193429
2.375 1701039589.9102526
2.388 1701039590.0061073
2.385 1701039590.1180208
2.384 1701039590.2122395
2.386 1701039590.3063905
2.417 1701039590.4149685
2.408 1701039590.5193949
2.419 1701039590.6141958
2.424 1701039590.7092144
2.431 1701039590.8194408
2.437 1701039590.9185197
2.439 1701039591.0181196
2.449 1701039591.1204934
2.446 1701039591.2148728
2.512 1701039591.3195822
2.457 1701039591.4197574
2.488 1701039591.5146916
2.428 1701039591.6088593
2.474 1701039591.7041597
2.482 1701039591.814048
2.421 1701039591.908829
2.393 1701039592.0193496
2.414 1701039592.1140423
2.42 1701039592.208741
2.475 1701039592.3188946
2.476 1701039592.4141078
2.415 1701039592.509499
2.432 1701039592.6203158
2.457 1701039592.7149947
2.456 1701039592.809273
2.454 1701039592.9035745
