2.38 1699054913.4024885
3.508 1699054913.4969256
2.736 1699054913.6072571
2.468 1699054913.703488
1.889 1699054913.8039734
1.885 1699054913.8990612
1.919 1699054914.0093691
2.291 1699054914.1042757
2.448 1699054914.2043788
2.422 1699054914.3069437
2.396 1699054914.4018042
2.397 1699054914.4963741
2.431 1699054914.6067398
2.328 1699054914.7057788
2.43 1699054914.7930586
1.933 1699054914.9035256
2.149 1699054914.998263
2.643 1699054915.0953145
2.289 1699054915.2080524
2.285 1699054915.294511
2.316 1699054915.404775
2.344 1699054915.4991279
2.372 1699054915.6089215
2.274 1699054915.7030323
2.317 1699054915.806674
2.361 1699054915.9011967
2.253 1699054915.9961436
2.349 1699054916.1068137
2.343 1699054916.2072055
2.316 1699054916.3051555
1.787 1699054916.399459
1.668 1699054916.5093083
2.06 1699054916.6034017
2.259 1699054916.6984348
2.247 1699054916.807232
2.239 1699054916.9012196
2.238 1699054916.996462
2.234 1699054917.0909746
2.465 1699054917.2013323
2.248 1699054917.2899046
2.244 1699054917.4035902
2.779 1699054917.4983683
2.282 1699054917.5931814
2.585 1699054917.7030373
2.302 1699054917.7916148
2.306 1699054917.9045975
1.831 1699054917.9994419
1.81 1699054918.094287
2.131 1699054918.2045732
2.316 1699054918.2950046
2.322 1699054918.3923676
2.275 1699054918.5017622
2.326 1699054918.5965586
2.337 1699054918.6918626
2.32 1699054918.7936215
2.326 1699054918.9031422
2.316 1699054919.0025644
2.294 1699054919.097635
2.121 1699054919.1928458
1.779 1699054919.2927759
1.695 1699054919.403568
2.165 1699054919.5041034
2.195 1699054919.598838
2.551 1699054919.6933224
2.672 1699054919.791757
2.253 1699054919.90206
2.274 1699054920.0081408
2.279 1699054920.1025038
2.337 1699054920.197195
2.277 1699054920.2928932
2.279 1699054920.4029608
2.275 1699054920.5070243
2.274 1699054920.6029706
2.16 1699054920.6979237
1.745 1699054920.808558
1.774 1699054920.9027696
1.893 1699054920.997432
2.468 1699054921.1045856
2.592 1699054921.19906
2.814 1699054921.3076584
2.693 1699054921.4020934
2.312 1699054921.4966812
2.324 1699054921.6063616
2.329 1699054921.700812
2.338 1699054921.808299
2.347 1699054921.9028141
2.353 1699054921.9975858
2.362 1699054922.091449
2.234 1699054922.2017953
1.827 1699054922.3034234
1.936 1699054922.3971138
2.136 1699054922.4914627
2.406 1699054922.6009738
2.405 1699054922.6876926
2.397 1699054922.7913623
2.884 1699054922.900947
2.388 1699054922.9952278
2.431 1699054923.089413
2.413 1699054923.1896412
2.292 1699054923.2911587
2.344 1699054923.401533
2.357 1699054923.4963055
2.33 1699054923.590962
2.346 1699054923.6930408
1.781 1699054923.7938275
1.724 1699054923.9046156
1.81 1699054923.9996035
2.306 1699054924.0941546
2.309 1699054924.188562
2.299 1699054924.293658
2.303 1699054924.4028838
2.281 1699054924.4972436
2.333 1699054924.5917745
2.264 1699054924.7012444
2.261 1699054924.7899182
1.851 1699054924.8995578
1.774 1699054924.9946897
2.234 1699054925.0884845
2.183 1699054925.1981342
2.18 1699054925.2917087
2.218 1699054925.3857894
2.261 1699054925.4962165
2.326 1699054925.5905175
2.302 1699054925.6851687
2.307 1699054925.7895105
2.335 1699054925.886387
2.735 1699054925.9965177
2.313 1699054926.0901175
2.315 1699054926.1999485
2.198 1699054926.2928367
1.854 1699054926.3883274
1.743 1699054926.4987245
1.797 1699054926.5933387
2.282 1699054926.6873739
2.284 1699054926.7905784
2.286 1699054926.8899124
2.458 1699054926.999045
2.24 1699054927.0937204
2.276 1699054927.187945
2.266 1699054927.2910519
2.342 1699054927.391127
2.274 1699054927.4852836
2.797 1699054927.5949614
2.27 1699054927.6891134
2.271 1699054927.7908516
2.111 1699054927.885467
1.784 1699054927.987588
1.795 1699054928.0968232
1.878 1699054928.1914308
2.263 1699054928.2911534
2.248 1699054928.3855903
2.34 1699054928.4888313
2.222 1699054928.5988104
2.247 1699054928.6929674
2.212 1699054928.7923036
2.21 1699054928.887228
2.242 1699054928.9917998
2.739 1699054929.0853276
1.887 1699054929.1950347
1.753 1699054929.2915099
2.155 1699054929.3853
2.174 1699054929.495509
2.204 1699054929.5859601
2.237 1699054929.6958306
2.263 1699054929.7897344
2.268 1699054929.8833275
2.271 1699054929.9932046
2.272 1699054930.088142
2.315 1699054930.1979964
2.279 1699054930.2900107
2.29 1699054930.3847601
2.299 1699054930.4945216
2.137 1699054930.5920508
2.23 1699054930.6856418
1.759 1699054930.7912605
1.895 1699054930.8859951
2.261 1699054930.9965296
2.218 1699054931.090503
2.263 1699054931.1875908
2.272 1699054931.2967763
2.285 1699054931.3908732
2.289 1699054931.485629
2.298 1699054931.5953462
2.309 1699054931.6876369
2.322 1699054931.7930949
2.332 1699054931.8876173
2.338 1699054931.9977758
2.048 1699054932.0918312
2.106 1699054932.187942
2.177 1699054932.2897396
2.317 1699054932.3838706
2.317 1699054932.4941852
2.393 1699054932.5884807
2.395 1699054932.6903775
2.398 1699054932.7888403
2.399 1699054932.883121
2.398 1699054932.9974492
2.335 1699054933.0876322
2.397 1699054933.1848652
2.418 1699054933.2909539
2.38 1699054933.3854702
2.328 1699054933.4966733
2.213 1699054933.5911853
1.818 1699054933.6855721
2.107 1699054933.788462
1.805 1699054933.8983188
1.944 1699054933.9920464
2.335 1699054934.0861294
2.332 1699054934.1965306
2.225 1699054934.291651
2.255 1699054934.38534
2.242 1699054934.4951117
2.236 1699054934.5891554
2.238 1699054934.6990433
1.932 1699054934.7889967
1.76 1699054934.8864288
2.065 1699054934.9957342
2.393 1699054935.0897892
2.151 1699054935.1847572
2.538 1699054935.2952547
2.779 1699054935.3886452
2.481 1699054935.4838364
2.311 1699054935.5940545
2.316 1699054935.6882331
2.325 1699054935.7909238
2.337 1699054935.89016
2.336 1699054935.9846258
2.345 1699054936.0951912
2.343 1699054936.1897063
1.929 1699054936.2924235
1.772 1699054936.38657
1.777 1699054936.4863431
2.209 1699054936.5966365
2.314 1699054936.690937
2.319 1699054936.7917538
2.321 1699054936.885952
2.306 1699054936.987852
2.3 1699054937.0977268
2.295 1699054937.1922667
2.293 1699054937.290976
2.337 1699054937.3859656
2.063 1699054937.4877038
1.797 1699054937.5846236
1.715 1699054937.6950963
2.181 1699054937.789948
2.21 1699054937.884726
2.245 1699054937.995095
2.251 1699054938.0867379
2.278 1699054938.1968508
2.278 1699054938.2925544
2.334 1699054938.3871326
2.767 1699054938.4969766
2.285 1699054938.5874846
2.284 1699054938.6979501
2.343 1699054938.7917962
2.257 1699054938.8869426
2.321 1699054938.996355
1.738 1699054939.0896878
1.722 1699054939.1840508
1.76 1699054939.2922447
2.225 1699054939.3893619
2.239 1699054939.4973655
2.238 1699054939.591486
2.243 1699054939.685188
2.219 1699054939.7920418
2.235 1699054939.8864515
2.511 1699054939.997247
2.683 1699054940.0923676
2.234 1699054940.1851814
2.228 1699054940.2905746
2.224 1699054940.3849764
2.232 1699054940.49542
1.923 1699054940.589582
1.681 1699054940.6878521
1.739 1699054940.7935412
2.209 1699054940.8875682
2.246 1699054940.9977527
2.252 1699054941.0919883
2.258 1699054941.1894355
2.586 1699054941.2922828
2.294 1699054941.3864348
2.649 1699054941.4967601
2.795 1699054941.5910568
2.704 1699054941.6856372
2.343 1699054941.7920613
2.359 1699054941.886663
2.375 1699054941.996501
2.103 1699054942.0911803
1.935 1699054942.18632
1.948 1699054942.2916465
2.222 1699054942.3857334
2.423 1699054942.495854
2.427 1699054942.5908024
2.434 1699054942.6852944
2.436 1699054942.7895873
2.443 1699054942.8858654
2.446 1699054942.9931438
2.439 1699054943.0864792
2.955 1699054943.196257
2.439 1699054943.2927747
2.341 1699054943.387655
2.425 1699054943.496656
2.402 1699054943.591325
2.107 1699054943.6884499
1.75 1699054943.7947893
1.804 1699054943.888732
1.897 1699054943.9888563
2.345 1699054944.0936296
2.321 1699054944.1891575
2.276 1699054944.292417
2.338 1699054944.3893647
2.324 1699054944.4895525
2.321 1699054944.5948899
2.68 1699054944.6899202
2.27 1699054944.7900407
1.76 1699054944.890194
2.01 1699054944.9903846
2.392 1699054945.0957568
2.19 1699054945.1908526
2.2 1699054945.2912014
2.241 1699054945.3913553
2.272 1699054945.4914322
2.308 1699054945.5966072
2.258 1699054945.6917238
2.29 1699054945.7933989
2.292 1699054945.8920286
2.259 1699054945.9921505
2.332 1699054946.0987253
2.282 1699054946.1934662
2.263 1699054946.2922897
1.926 1699054946.3924787
1.69 1699054946.492754
1.997 1699054946.5928712
2.229 1699054946.694783
2.47 1699054946.7933333
2.46 1699054946.8934162
2.248 1699054946.9971566
2.256 1699054947.0937805
2.262 1699054947.1975405
2.327 1699054947.2941818
2.342 1699054947.394208
2.171 1699054947.4971747
1.72 1699054947.5948443
1.701 1699054947.6949904
2.196 1699054947.7953663
2.856 1699054947.8956242
2.34 1699054947.9958007
2.294 1699054948.09592
2.319 1699054948.198819
2.322 1699054948.2964814
2.317 1699054948.3965805
2.306 1699054948.4987898
2.312 1699054948.5969205
2.328 1699054948.6972394
2.306 1699054948.7973535
2.303 1699054948.8975892
2.178 1699054948.9979067
1.828 1699054949.0981877
1.83 1699054949.1981962
1.893 1699054949.298528
2.774 1699054949.3988411
2.621 1699054949.498956
2.308 1699054949.598807
2.314 1699054949.698916
2.319 1699054949.799312
2.321 1699054949.8995447
2.329 1699054949.9998946
2.335 1699054950.092057
2.333 1699054950.1905801
2.34 1699054950.2898765
2.352 1699054950.384844
2.236 1699054950.4867084
1.879 1699054950.5972393
1.878 1699054950.6917927
2.065 1699054950.7925436
2.38 1699054950.8867922
2.756 1699054950.985571
2.369 1699054951.0959313
2.328 1699054951.1902523
2.314 1699054951.2894747
2.258 1699054951.3836648
2.331 1699054951.494741
2.331 1699054951.5898232
2.302 1699054951.684443
2.317 1699054951.790881
2.315 1699054951.8852277
2.175 1699054951.9958005
1.843 1699054952.0905604
1.718 1699054952.1854389
2.096 1699054952.291269
2.303 1699054952.385434
2.722 1699054952.496142
2.895 1699054952.5909052
2.325 1699054952.6849973
2.333 1699054952.7906213
2.339 1699054952.8873332
2.351 1699054952.98257
2.357 1699054953.0943253
1.829 1699054953.1882102
1.941 1699054953.2911768
2.303 1699054953.3885071
2.564 1699054953.4988205
2.334 1699054953.593399
2.377 1699054953.6870418
2.427 1699054953.7914565
2.449 1699054953.8907247
2.517 1699054953.9961107
2.914 1699054954.097454
2.441 1699054954.190208
2.442 1699054954.2920418
2.447 1699054954.386391
2.449 1699054954.4872947
2.103 1699054954.596772
1.876 1699054954.6904888
1.917 1699054954.7910187
2.103 1699054954.8852818
2.315 1699054954.9879827
2.391 1699054955.0979238
2.383 1699054955.191932
2.258 1699054955.289648
2.346 1699054955.3843946
2.35 1699054955.4896166
2.307 1699054955.5860045
2.826 1699054955.6960838
2.342 1699054955.7879968
2.311 1699054955.8871224
2.344 1699054955.988882
2.294 1699054956.0863051
2.115 1699054956.1961503
1.849 1699054956.2911053
1.807 1699054956.3856764
1.91 1699054956.4965727
2.278 1699054956.5872471
2.333 1699054956.697765
2.27 1699054956.7901075
2.271 1699054956.8843334
2.274 1699054956.9942431
2.27 1699054957.0906205
2.284 1699054957.184267
2.683 1699054957.2908213
2.273 1699054957.384983
1.776 1699054957.4949152
1.774 1699054957.5892913
2.125 1699054957.6863983
2.195 1699054957.789739
2.227 1699054957.8846085
2.257 1699054957.9952252
2.288 1699054958.0903342
2.343 1699054958.1863887
2.319 1699054958.2884037
2.285 1699054958.3985817
2.343 1699054958.494
2.287 1699054958.5891502
2.291 1699054958.6878512
2.769 1699054958.791456
2.287 1699054958.8858263
1.937 1699054958.995882
1.706 1699054959.090733
1.792 1699054959.1907346
2.051 1699054959.2901113
2.264 1699054959.384612
2.343 1699054959.49496
2.265 1699054959.590708
2.344 1699054959.6848307
2.258 1699054959.7903128
2.262 1699054959.8848825
2.265 1699054959.9951565
2.268 1699054960.0984254
2.268 1699054960.1931515
2.264 1699054960.2895856
2.786 1699054960.3842275
1.763 1699054960.4948542
1.831 1699054960.5900269
1.851 1699054960.6867042
2.333 1699054960.790005
2.283 1699054960.8837125
2.317 1699054960.9937627
2.332 1699054961.0845273
2.279 1699054961.1944413
2.332 1699054961.2910392
2.33 1699054961.3852234
2.283 1699054961.495969
2.281 1699054961.5905282
2.327 1699054961.6846826
2.337 1699054961.7890356
2.684 1699054961.886696
1.902 1699054961.996969
1.758 1699054962.0916867
1.786 1699054962.1856291
2.148 1699054962.2895935
2.259 1699054962.3889909
2.26 1699054962.4835794
2.258 1699054962.5940037
2.259 1699054962.6893992
2.26 1699054962.7907462
2.262 1699054962.8847234
2.265 1699054962.9841218
2.0 1699054963.0943775
1.943 1699054963.1889093
2.207 1699054963.2893374
2.213 1699054963.3836546
2.962 1699054963.4868934
2.604 1699054963.5961432
2.321 1699054963.6903212
2.365 1699054963.7915597
2.383 1699054963.8856592
2.393 1699054963.9886608
2.406 1699054964.0834334
2.418 1699054964.1932461
2.41 1699054964.2908783
2.416 1699054964.3849933
2.409 1699054964.4952168
2.022 1699054964.5848534
1.844 1699054964.6952815
1.899 1699054964.790129
2.124 1699054964.884266
2.383 1699054964.9944417
2.797 1699054965.0865116
2.365 1699054965.1961052
2.297 1699054965.29101
2.345 1699054965.3850133
2.319 1699054965.4955842
2.32 1699054965.5870225
2.324 1699054965.6969314
2.326 1699054965.7899883
2.312 1699054965.884165
2.303 1699054965.9943688
2.304 1699054966.0900576
1.729 1699054966.1996498
1.82 1699054966.291265
1.715 1699054966.385238
2.092 1699054966.4954653
2.835 1699054966.5896635
2.472 1699054966.6854231
2.262 1699054966.789195
2.266 1699054966.898932
2.268 1699054966.993769
2.272 1699054967.0877695
2.27 1699054967.1872973
2.27 1699054967.2908967
2.197 1699054967.385035
1.724 1699054967.4952798
1.783 1699054967.589891
2.172 1699054967.6896343
2.21 1699054967.7900805
2.24 1699054967.8841057
2.282 1699054967.9937382
2.294 1699054968.0877533
2.807 1699054968.1977465
2.288 1699054968.2907293
2.287 1699054968.3847675
2.33 1699054968.4946663
2.283 1699054968.588826
2.278 1699054968.6986847
2.334 1699054968.787334
2.277 1699054968.8981352
1.872 1699054968.9924018
1.698 1699054969.0866525
1.748 1699054969.1959143
2.338 1699054969.288534
2.338 1699054969.3984156
2.267 1699054969.4919872
2.267 1699054969.58613
2.709 1699054969.6963177
2.595 1699054969.7908244
2.28 1699054969.884891
2.284 1699054969.9947762
2.286 1699054970.0889745
2.288 1699054970.1994636
2.327 1699054970.2896168
2.239 1699054970.3877714
1.847 1699054970.497352
1.807 1699054970.591362
1.9 1699054970.6858683
2.319 1699054970.7871776
2.303 1699054970.886128
2.305 1699054970.9953635
2.307 1699054971.0896258
2.307 1699054971.184229
2.739 1699054971.2917962
2.465 1699054971.3897252
2.303 1699054971.4838495
2.3 1699054971.5939035
2.301 1699054971.6879685
2.293 1699054971.7906995
2.297 1699054971.8846214
1.812 1699054971.986639
1.693 1699054972.0964477
1.741 1699054972.1906276
2.225 1699054972.2908583
2.276 1699054972.3847659
2.268 1699054972.487764
2.262 1699054972.5975487
2.257 1699054972.6918602
2.261 1699054972.7921576
2.756 1699054972.8863597
2.256 1699054972.9878967
1.867 1699054973.098182
1.791 1699054973.1874037
2.179 1699054973.2870731
