2.959 1699054266.1433294
3.706 1699054266.25153
3.47 1699054266.3459423
3.108 1699054266.4552894
3.145 1699054266.5492485
3.023 1699054266.6429775
3.194 1699054266.753045
3.094 1699054266.8472285
3.242 1699054266.952722
3.247 1699054267.0477953
3.752 1699054267.143418
3.165 1699054267.2530262
3.259 1699054267.3515534
3.051 1699054267.4511528
2.767 1699054267.5458443
3.112 1699054267.6410143
3.107 1699054267.7510788
3.106 1699054267.850986
3.057 1699054267.9412644
3.053 1699054268.050693
3.056 1699054268.1451247
3.025 1699054268.2394204
3.132 1699054268.3520517
2.961 1699054268.438345
3.002 1699054268.5489624
3.114 1699054268.643808
3.082 1699054268.7539272
3.075 1699054268.8388147
2.976 1699054268.9390569
2.844 1699054269.049295
3.017 1699054269.1443682
3.016 1699054269.239883
2.932 1699054269.3494213
3.018 1699054269.4411302
3.051 1699054269.5509849
2.987 1699054269.6456685
3.024 1699054269.7403684
3.052 1699054269.8380637
3.053 1699054269.938206
3.061 1699054270.0485325
3.064 1699054270.1435127
3.467 1699054270.2386339
3.069 1699054270.3489447
3.073 1699054270.45251
3.011 1699054270.5628362
3.089 1699054270.6726432
3.113 1699054270.7669055
3.097 1699054270.8707445
3.103 1699054270.9840963
3.104 1699054271.0810816
3.101 1699054271.1758049
3.086 1699054271.2848103
3.101 1699054271.3796842
3.114 1699054271.485509
3.098 1699054271.5836396
3.114 1699054271.6934361
3.12 1699054271.7879982
3.705 1699054271.8975139
3.131 1699054271.985992
3.113 1699054272.099147
3.092 1699054272.194056
3.142 1699054272.3032384
3.001 1699054272.404726
3.082 1699054272.4992921
3.082 1699054272.6003985
3.102 1699054272.6948323
3.146 1699054272.7896585
2.967 1699054272.9044447
2.993 1699054273.0002978
3.093 1699054273.1023407
3.126 1699054273.1961162
3.145 1699054273.306028
3.118 1699054273.402005
3.008 1699054273.4897034
2.949 1699054273.5993967
3.098 1699054273.699248
2.981 1699054273.7938025
3.086 1699054273.903464
3.091 1699054274.0034983
3.005 1699054274.097541
3.09 1699054274.2010868
3.094 1699054274.295278
3.087 1699054274.3901079
3.103 1699054274.501
3.033 1699054274.5952723
3.101 1699054274.701451
3.107 1699054274.7959943
3.107 1699054274.8906093
3.1 1699054274.9990473
3.087 1699054275.094219
3.111 1699054275.2043362
3.031 1699054275.2981973
3.116 1699054275.4040282
3.124 1699054275.500604
3.024 1699054275.5953548
3.121 1699054275.6900957
3.127 1699054275.8004084
3.099 1699054275.9036689
3.129 1699054276.0009813
3.081 1699054276.0957773
3.127 1699054276.1905317
3.099 1699054276.303519
3.143 1699054276.403976
3.625 1699054276.4984162
3.104 1699054276.5931466
3.161 1699054276.703145
3.102 1699054276.7975228
3.172 1699054276.9046
3.175 1699054277.0020726
3.202 1699054277.096591
3.196 1699054277.1913831
3.188 1699054277.301331
3.189 1699054277.4054325
3.168 1699054277.5014606
3.079 1699054277.5967553
3.025 1699054277.6908643
3.084 1699054277.801274
3.072 1699054277.9041772
3.175 1699054277.998357
3.159 1699054278.093032
3.175 1699054278.2034402
3.17 1699054278.2974582
2.96 1699054278.403611
3.014 1699054278.4999228
3.003 1699054278.594294
3.137 1699054278.7045436
3.134 1699054278.799374
3.134 1699054278.8937485
3.04 1699054278.9984875
3.011 1699054279.0929103
3.122 1699054279.2028632
3.123 1699054279.296944
3.122 1699054279.392246
3.095 1699054279.5010004
3.662 1699054279.595449
3.144 1699054279.7055762
3.13 1699054279.8000104
3.133 1699054279.9044237
3.144 1699054280.0017724
3.155 1699054280.0962691
3.163 1699054280.1917892
3.17 1699054280.3009892
3.17 1699054280.4030492
3.196 1699054280.5000944
3.191 1699054280.597325
3.204 1699054280.6911755
3.212 1699054280.8009133
3.23 1699054280.9052708
3.24 1699054281.0012927
3.256 1699054281.0998168
3.602 1699054281.194261
3.26 1699054281.303979
3.277 1699054281.4049156
3.275 1699054281.5004215
3.118 1699054281.6020377
3.277 1699054281.6962938
3.15 1699054281.8060477
3.277 1699054281.9010813
3.196 1699054282.0014718
3.203 1699054282.095643
3.204 1699054282.1991568
3.06 1699054282.293559
3.11 1699054282.4024959
2.995 1699054282.502314
3.179 1699054282.5967882
3.477 1699054282.6970503
3.208 1699054282.7910593
3.121 1699054282.9040797
3.051 1699054283.0007954
3.076 1699054283.0950396
3.04 1699054283.2065616
3.159 1699054283.3012226
3.171 1699054283.4054816
3.168 1699054283.4997735
3.181 1699054283.5941045
3.189 1699054283.7036703
3.07 1699054283.797718
3.186 1699054283.892776
3.085 1699054284.002614
3.213 1699054284.0967157
3.196 1699054284.1910095
3.741 1699054284.2990344
3.161 1699054284.3933132
3.149 1699054284.5014791
3.101 1699054284.5958683
3.094 1699054284.7057042
3.157 1699054284.8004677
3.059 1699054284.9057338
3.1 1699054284.9993076
3.17 1699054285.093317
3.03 1699054285.2031016
2.965 1699054285.3001633
3.103 1699054285.4042149
3.153 1699054285.4985483
3.035 1699054285.5929961
3.148 1699054285.702159
3.161 1699054285.7964928
3.14 1699054285.9036565
3.087 1699054286.0019999
3.055 1699054286.0963027
3.125 1699054286.1906035
3.081 1699054286.3005342
3.105 1699054286.4009204
3.112 1699054286.5021307
3.136 1699054286.5962899
3.007 1699054286.690974
3.072 1699054286.8004556
3.025 1699054286.9012854
3.08 1699054287.0011797
3.066 1699054287.0953507
3.087 1699054287.1895025
3.13 1699054287.2998104
3.572 1699054287.3938038
3.143 1699054287.500674
3.156 1699054287.5949016
3.173 1699054287.689549
3.179 1699054287.7990026
3.19 1699054287.8997312
3.202 1699054287.9991877
3.213 1699054288.0933802
3.217 1699054288.203593
3.236 1699054288.2975821
3.248 1699054288.3918986
3.262 1699054288.501308
3.279 1699054288.5957391
3.17 1699054288.7056592
3.194 1699054288.799792
3.299 1699054288.8935955
3.808 1699054289.0027528
3.299 1699054289.0965178
3.211 1699054289.1909518
3.303 1699054289.300608
3.113 1699054289.4049444
3.299 1699054289.5007813
3.242 1699054289.5985494
3.297 1699054289.69422
3.271 1699054289.8042283
3.184 1699054289.9042087
3.295 1699054290.0000331
3.303 1699054290.1001801
3.126 1699054290.1949427
3.021 1699054290.2892303
3.149 1699054290.4043195
3.278 1699054290.5000136
3.244 1699054290.6009243
3.108 1699054290.6989226
3.161 1699054290.7936559
3.148 1699054290.9028695
3.226 1699054291.0023031
3.174 1699054291.0972605
3.21 1699054291.1994822
3.059 1699054291.29436
3.105 1699054291.4039762
3.049 1699054291.5016217
3.092 1699054291.5967033
3.069 1699054291.6999764
3.052 1699054291.7947938
2.997 1699054291.9050472
3.02 1699054292.0023785
3.476 1699054292.0965939
3.132 1699054292.2051702
3.133 1699054292.2991736
3.132 1699054292.393647
3.113 1699054292.5010834
3.127 1699054292.6016307
3.11 1699054292.7016354
3.123 1699054292.7976809
2.968 1699054292.9033804
3.113 1699054292.9986048
3.12 1699054293.0932834
3.067 1699054293.2038882
3.125 1699054293.2992723
3.128 1699054293.393637
3.145 1699054293.4993236
3.162 1699054293.594097
3.166 1699054293.7050095
3.166 1699054293.8014598
3.169 1699054293.905422
3.214 1699054293.9990017
3.174 1699054294.0937831
3.173 1699054294.2039812
3.089 1699054294.3023841
3.172 1699054294.4051852
3.191 1699054294.499458
3.176 1699054294.5942068
3.127 1699054294.7039711
3.116 1699054294.7983258
3.198 1699054294.9017315
3.118 1699054295.0026612
3.209 1699054295.0967784
3.572 1699054295.1912904
3.197 1699054295.301558
3.12 1699054295.4006035
2.979 1699054295.499204
3.064 1699054295.5930932
3.114 1699054295.7034295
3.015 1699054295.7978737
3.028 1699054295.903593
3.154 1699054295.9981294
3.042 1699054296.0924556
3.1 1699054296.2036886
3.089 1699054296.2980278
3.023 1699054296.392707
3.127 1699054296.4978554
3.129 1699054296.5927098
3.097 1699054296.7029214
3.672 1699054296.7974646
3.126 1699054296.8922644
3.034 1699054297.000201
3.107 1699054297.0949774
3.128 1699054297.205371
3.118 1699054297.299511
3.149 1699054297.4044735
3.161 1699054297.5020597
3.17 1699054297.5961993
3.184 1699054297.6909862
3.197 1699054297.801762
3.209 1699054297.903954
3.23 1699054297.9987223
3.23 1699054298.0960245
3.132 1699054298.19122
3.26 1699054298.301885
3.711 1699054298.4033148
3.711 1699054298.4979446
3.275 1699054298.599111
3.293 1699054298.6935654
3.304 1699054298.8033085
3.271 1699054298.9035466
3.313 1699054299.00104
3.298 1699054299.1010413
3.321 1699054299.194785
3.324 1699054299.3045669
3.327 1699054299.4052236
3.158 1699054299.5005937
3.182 1699054299.6023238
3.314 1699054299.6961877
3.06 1699054299.8060308
3.301 1699054299.9000537
3.279 1699054300.0015662
3.06 1699054300.0960321
3.176 1699054300.1976657
3.173 1699054300.2918863
3.087 1699054300.402233
3.181 1699054300.4994283
3.2 1699054300.5944107
3.204 1699054300.6995883
3.164 1699054300.796789
3.057 1699054300.8934808
3.177 1699054300.998938
3.181 1699054301.0943627
3.18 1699054301.2012541
3.072 1699054301.2959049
3.082 1699054301.3952355
3.775 1699054301.5016046
3.036 1699054301.595822
3.18 1699054301.6961567
3.179 1699054301.7981937
3.012 1699054301.8964415
3.126 1699054302.0017385
3.169 1699054302.096981
3.018 1699054302.1995168
3.099 1699054302.3011134
3.095 1699054302.3974533
3.151 1699054302.50177
3.123 1699054302.597883
3.104 1699054302.6979895
3.027 1699054302.8023112
3.137 1699054302.9053767
3.154 1699054303.0004923
3.134 1699054303.0989964
3.142 1699054303.1992242
3.142 1699054303.3005018
3.143 1699054303.4030569
3.151 1699054303.5000849
3.09 1699054303.6002998
3.152 1699054303.7014937
3.159 1699054303.8006506
3.163 1699054303.9049475
3.173 1699054304.0010035
3.107 1699054304.1012099
3.201 1699054304.2014518
3.126 1699054304.3017015
3.187 1699054304.401774
3.205 1699054304.501899
3.604 1699054304.602193
3.198 1699054304.7055228
3.202 1699054304.8025782
3.187 1699054304.904979
3.153 1699054305.0030162
3.201 1699054305.1031814
3.221 1699054305.2034006
3.172 1699054305.3035839
3.169 1699054305.4047284
3.23 1699054305.504131
3.221 1699054305.5945363
3.068 1699054305.689242
3.202 1699054305.7994459
3.157 1699054305.90284
3.202 1699054306.0000844
3.142 1699054306.1055164
3.645 1699054306.2048678
3.217 1699054306.298894
3.056 1699054306.393193
3.203 1699054306.5013697
3.201 1699054306.5954854
3.203 1699054306.6899078
3.194 1699054306.8037057
3.113 1699054306.8939996
3.105 1699054307.000694
3.032 1699054307.0983064
3.091 1699054307.193216
3.178 1699054307.3028126
3.119 1699054307.403126
3.063 1699054307.5012705
3.166 1699054307.5982285
3.181 1699054307.6926622
3.168 1699054307.8024263
3.108 1699054307.9051502
3.121 1699054307.9993775
3.096 1699054308.1007223
3.165 1699054308.1947443
3.092 1699054308.2897804
3.162 1699054308.4004362
3.128 1699054308.497785
3.165 1699054308.5967774
3.173 1699054308.69547
3.106 1699054308.806509
3.183 1699054308.9003072
3.193 1699054309.0012727
3.201 1699054309.099426
3.207 1699054309.198379
3.648 1699054309.2932713
3.46 1699054309.4041264
3.213 1699054309.4998236
3.24 1699054309.5951426
3.174 1699054309.7004194
3.247 1699054309.7949908
3.21 1699054309.8928127
3.253 1699054310.0004714
3.206 1699054310.09526
3.196 1699054310.2054124
3.268 1699054310.295801
3.192 1699054310.4060884
3.188 1699054310.5011082
3.259 1699054310.59593
3.185 1699054310.690615
3.257 1699054310.797668
3.626 1699054310.892425
3.146 1699054310.997505
3.066 1699054311.092551
3.073 1699054311.2039087
3.047 1699054311.3007958
3.188 1699054311.403949
3.209 1699054311.497976
3.03 1699054311.5928915
3.194 1699054311.702652
3.046 1699054311.8045027
3.112 1699054311.8992045
3.087 1699054312.0012915
3.09 1699054312.096017
3.163 1699054312.1907935
3.088 1699054312.2999668
3.518 1699054312.4050696
3.161 1699054312.4986959
3.007 1699054312.593245
3.084 1699054312.702569
3.159 1699054312.7965918
3.172 1699054312.904034
3.186 1699054313.0005887
3.171 1699054313.0949588
3.18 1699054313.2048585
3.184 1699054313.2999854
3.185 1699054313.3998826
3.163 1699054313.4983222
3.198 1699054313.5928266
3.206 1699054313.7028356
3.195 1699054313.7967777
3.214 1699054313.8915515
3.751 1699054314.000903
3.217 1699054314.1006324
3.237 1699054314.1944845
3.245 1699054314.3042057
3.249 1699054314.398487
3.158 1699054314.4986076
3.246 1699054314.593193
3.162 1699054314.7027292
3.243 1699054314.796857
3.243 1699054314.8921185
3.135 1699054315.0007236
3.05 1699054315.0950956
3.063 1699054315.2047157
3.174 1699054315.2990003
3.121 1699054315.3938172
3.226 1699054315.5016582
3.645 1699054315.5955653
3.22 1699054315.705713
3.181 1699054315.8003328
3.097 1699054315.903399
3.198 1699054316.0023718
3.12 1699054316.0970297
3.12 1699054316.191396
3.199 1699054316.3014562
3.198 1699054316.403879
3.063 1699054316.4990883
3.185 1699054316.5991807
3.164 1699054316.6939838
3.025 1699054316.8044095
3.193 1699054316.8991487
3.181 1699054317.001326
3.58 1699054317.101248
3.197 1699054317.1954265
3.197 1699054317.2905276
3.2 1699054317.405314
3.172 1699054317.505182
3.214 1699054317.6004114
3.122 1699054317.696455
3.213 1699054317.7912896
3.221 1699054317.901223
3.229 1699054318.001176
3.126 1699054318.0957263
3.237 1699054318.196946
3.195 1699054318.2916665
3.18 1699054318.4028075
3.251 1699054318.4985344
3.147 1699054318.5985951
3.68 1699054318.6984649
3.258 1699054318.7932577
3.258 1699054318.9031012
3.21 1699054319.0014985
3.099 1699054319.0968044
3.236 1699054319.1911747
3.131 1699054319.2956142
3.046 1699054319.389927
3.142 1699054319.5010352
3.202 1699054319.5959651
3.212 1699054319.705831
3.209 1699054319.798965
3.213 1699054319.893307
3.149 1699054320.0022714
3.208 1699054320.0961335
3.219 1699054320.1904118
3.21 1699054320.2999835
3.206 1699054320.403661
3.149 1699054320.49969
3.205 1699054320.5937228
3.214 1699054320.7033024
3.214 1699054320.8012006
3.221 1699054320.9024732
3.193 1699054320.9970534
3.181 1699054321.0911546
3.107 1699054321.2014296
3.049 1699054321.2959552
3.111 1699054321.4046166
3.216 1699054321.5001116
3.222 1699054321.5944078
3.154 1699054321.7041135
3.231 1699054321.7986944
3.196 1699054321.898944
3.168 1699054322.000573
3.18 1699054322.0949218
3.205 1699054322.204669
3.195 1699054322.2998683
3.206 1699054322.4036176
3.203 1699054322.504123
3.198 1699054322.599656
3.181 1699054322.6940324
3.163 1699054322.8039222
3.221 1699054322.9047847
3.203 1699054322.9971738
3.222 1699054323.092409
3.158 1699054323.2025754
3.465 1699054323.297061
3.731 1699054323.3993373
3.204 1699054323.4964757
3.252 1699054323.5907753
3.195 1699054323.7013202
3.171 1699054323.7957456
3.139 1699054323.8902142
3.299 1699054324.0031035
3.197 1699054324.0974822
3.195 1699054324.1916528
3.164 1699054324.302314
3.149 1699054324.4031737
3.246 1699054324.4965014
3.139 1699054324.5958645
3.179 1699054324.69142
3.051 1699054324.8008525
3.554 1699054324.903456
3.213 1699054324.9985962
3.215 1699054325.0966272
3.055 1699054325.1910114
3.205 1699054325.3012779
3.204 1699054325.4037812
3.209 1699054325.4982088
3.209 1699054325.5990136
3.163 1699054325.6934032
3.218 1699054325.803046
3.198 1699054325.904344
3.184 1699054325.998673
3.161 1699054326.1001096
