2.51 1699054744.3282747
3.296 1699054744.4194074
2.517 1699054744.514394
2.447 1699054744.6241875
2.074 1699054744.719022
2.111 1699054744.8152606
2.212 1699054744.9183998
2.126 1699054745.0155952
2.176 1699054745.1175058
2.165 1699054745.2160873
2.011 1699054745.3161738
1.956 1699054745.4163034
1.894 1699054745.5265539
2.002 1699054745.6211956
2.279 1699054745.716736
1.873 1699054745.8170345
1.877 1699054745.9172566
1.834 1699054746.0173557
1.734 1699054746.1223168
1.848 1699054746.2179685
1.827 1699054746.3180604
1.754 1699054746.4191556
1.785 1699054746.518144
1.669 1699054746.618523
1.641 1699054746.719702
1.674 1699054746.8188682
1.75 1699054746.9190118
1.717 1699054747.0190125
1.662 1699054747.118959
1.799 1699054747.2193332
1.781 1699054747.3193266
1.773 1699054747.419188
1.765 1699054747.5195043
1.671 1699054747.6209915
1.794 1699054747.720129
1.758 1699054747.8203197
1.753 1699054747.9203684
1.667 1699054748.02032
1.806 1699054748.1203704
1.754 1699054748.220649
1.77 1699054748.306596
1.686 1699054748.4164898
1.732 1699054748.5120025
1.78 1699054748.6070662
1.779 1699054748.7015462
2.097 1699054748.8114169
1.79 1699054748.902413
1.721 1699054749.013354
1.761 1699054749.11026
1.728 1699054749.20076
1.789 1699054749.310945
1.72 1699054749.4023383
1.789 1699054749.5124104
1.673 1699054749.6109028
1.782 1699054749.7053826
2.437 1699054749.815234
2.307 1699054749.9174213
2.254 1699054750.0115507
2.287 1699054750.1136272
2.403 1699054750.208078
2.347 1699054750.3146744
2.763 1699054750.4165113
2.453 1699054750.510534
1.799 1699054750.6130953
1.775 1699054750.7105606
1.695 1699054750.803944
1.731 1699054750.9155238
1.791 1699054751.013686
1.789 1699054751.108863
1.714 1699054751.211135
1.78 1699054751.3063138
1.703 1699054751.4028351
1.72 1699054751.5129073
1.686 1699054751.6078477
1.781 1699054751.7174952
1.756 1699054751.8073375
1.867 1699054751.9166412
2.047 1699054752.0109947
1.638 1699054752.1059213
1.734 1699054752.2144415
1.764 1699054752.3144214
1.574 1699054752.4022255
1.724 1699054752.5129652
1.625 1699054752.6079547
1.731 1699054752.7028592
1.682 1699054752.8110173
1.596 1699054752.9021556
1.619 1699054753.0119808
1.621 1699054753.1118562
1.633 1699054753.2069016
1.612 1699054753.3108418
1.599 1699054753.4007633
1.685 1699054753.5112996
1.924 1699054753.6064708
1.929 1699054753.70182
2.312 1699054753.7991977
2.291 1699054753.9027848
2.34 1699054754.0128028
2.328 1699054754.1082926
2.337 1699054754.2033293
2.322 1699054754.3136728
1.97 1699054754.4014387
2.399 1699054754.5113947
2.312 1699054754.6058939
2.278 1699054754.7155108
2.376 1699054754.8097587
2.194 1699054754.9025564
1.939 1699054755.0127175
2.147 1699054755.1075194
1.795 1699054755.2019155
1.779 1699054755.3124607
1.769 1699054755.4012172
1.819 1699054755.5109138
1.758 1699054755.6136537
1.78 1699054755.7087762
1.723 1699054755.8033679
1.695 1699054755.9143946
1.643 1699054756.0081375
1.794 1699054756.1028214
1.692 1699054756.2130744
1.811 1699054756.3084042
1.742 1699054756.4024024
1.797 1699054756.5108337
1.823 1699054756.6054008
2.153 1699054756.715331
1.704 1699054756.809645
1.731 1699054756.9174502
1.8 1699054757.0142844
1.768 1699054757.1080499
1.774 1699054757.2178154
1.678 1699054757.31204
1.813 1699054757.4038424
1.686 1699054757.5146806
1.626 1699054757.609383
1.681 1699054757.7193942
1.635 1699054757.8145583
1.772 1699054757.9178689
1.721 1699054758.0156748
1.715 1699054758.1096594
2.038 1699054758.2049189
1.757 1699054758.3154197
1.69 1699054758.414777
1.671 1699054758.5097175
1.669 1699054758.6110795
1.623 1699054758.7088902
1.684 1699054758.8036056
1.622 1699054758.9139442
1.596 1699054759.00859
1.725 1699054759.1119685
1.674 1699054759.2068417
1.697 1699054759.3168604
1.688 1699054759.404432
1.729 1699054759.514717
1.723 1699054759.615913
1.616 1699054759.709669
1.952 1699054759.8197324
1.942 1699054759.9179904
2.133 1699054760.0120437
2.429 1699054760.1063154
2.374 1699054760.211521
2.311 1699054760.3211617
2.355 1699054760.417941
2.373 1699054760.5121405
2.337 1699054760.6065955
2.334 1699054760.7141821
2.086 1699054760.81339
2.125 1699054760.9149337
2.164 1699054761.0094078
2.38 1699054761.104498
2.241 1699054761.2135956
1.832 1699054761.3078883
2.106 1699054761.417403
1.873 1699054761.511829
1.724 1699054761.606207
1.778 1699054761.7162125
1.824 1699054761.8148515
1.738 1699054761.9176402
1.728 1699054762.0118132
1.751 1699054762.115617
1.721 1699054762.2097282
1.818 1699054762.3116941
1.706 1699054762.4176362
1.722 1699054762.5116642
1.819 1699054762.6059313
1.759 1699054762.7161074
1.681 1699054762.8138404
1.794 1699054762.9180574
2.221 1699054763.0120838
1.773 1699054763.1064882
1.782 1699054763.216229
1.782 1699054763.314154
1.678 1699054763.4148724
1.802 1699054763.5095587
1.719 1699054763.619325
1.751 1699054763.7138755
1.736 1699054763.8124652
1.717 1699054763.903591
1.702 1699054764.0138903
1.724 1699054764.108513
1.729 1699054764.218124
1.704 1699054764.312729
1.661 1699054764.4139743
1.778 1699054764.5082448
1.757 1699054764.6185093
1.704 1699054764.7131402
1.725 1699054764.8074448
1.749 1699054764.915418
1.655 1699054765.0096843
1.679 1699054765.1191707
1.69 1699054765.214296
1.636 1699054765.308714
1.659 1699054765.4172115
1.718 1699054765.5114157
1.64 1699054765.6211298
1.691 1699054765.7153616
1.713 1699054765.809433
1.558 1699054765.9189012
1.704 1699054766.0126014
1.709 1699054766.1067896
1.707 1699054766.2158985
1.715 1699054766.310201
2.155 1699054766.4020286
2.348 1699054766.5154004
2.338 1699054766.6093247
2.375 1699054766.7036328
2.32 1699054766.8131783
2.309 1699054766.9018877
2.226 1699054767.0117865
2.323 1699054767.1102118
2.322 1699054767.21338
2.086 1699054767.3056433
1.756 1699054767.401433
1.858 1699054767.5109818
1.776 1699054767.611777
2.125 1699054767.706079
1.795 1699054767.8151307
1.819 1699054767.9175625
1.784 1699054768.0113332
1.847 1699054768.11423
1.893 1699054768.2109807
1.741 1699054768.3053381
1.767 1699054768.4154491
1.707 1699054768.5148246
1.7 1699054768.6137507
1.793 1699054768.7077603
1.707 1699054768.8034105
1.801 1699054768.915391
1.711 1699054769.0099473
1.794 1699054769.1047478
1.808 1699054769.2111225
1.8 1699054769.3056521
1.663 1699054769.4026663
1.721 1699054769.5114028
1.722 1699054769.6061716
1.782 1699054769.7139606
1.72 1699054769.8082922
1.782 1699054769.9168236
1.927 1699054770.01089
1.78 1699054770.105656
1.777 1699054770.2137966
1.705 1699054770.308517
1.687 1699054770.4163384
1.699 1699054770.510417
1.756 1699054770.620186
1.759 1699054770.7141652
2.102 1699054770.81011
1.78 1699054770.9171956
1.8 1699054771.011192
2.172 1699054771.1056936
2.106 1699054771.2105598
2.165 1699054771.310128
2.282 1699054771.4153278
2.272 1699054771.5098207
2.326 1699054771.6049502
2.294 1699054771.7088692
2.383 1699054771.8140407
2.413 1699054771.9156194
2.109 1699054772.0104792
2.143 1699054772.1054707
2.176 1699054772.2002995
2.211 1699054772.310341
2.239 1699054772.4010282
1.747 1699054772.5110142
1.681 1699054772.6058104
1.713 1699054772.715638
1.667 1699054772.8102095
1.7 1699054772.9166713
1.716 1699054773.0105987
1.756 1699054773.105091
1.847 1699054773.2142189
1.811 1699054773.3086085
1.784 1699054773.4138992
1.854 1699054773.5091689
1.783 1699054773.6203973
1.852 1699054773.7139466
1.799 1699054773.808634
2.044 1699054773.913877
1.788 1699054774.0078897
1.76 1699054774.102862
1.728 1699054774.212626
1.704 1699054774.3077579
1.764 1699054774.4019735
1.687 1699054774.511727
1.739 1699054774.6061609
1.745 1699054774.7160258
1.697 1699054774.8100483
1.784 1699054774.916455
1.718 1699054775.0128539
1.76 1699054775.1072946
1.786 1699054775.2173855
1.771 1699054775.3119144
1.72 1699054775.414613
1.761 1699054775.5154316
1.759 1699054775.6094587
1.695 1699054775.7192338
1.775 1699054775.8135343
1.734 1699054775.917772
1.618 1699054776.0117595
1.756 1699054776.111656
1.731 1699054776.2219453
1.727 1699054776.3170497
1.688 1699054776.4155664
1.574 1699054776.511054
1.79 1699054776.6116831
1.688 1699054776.7064364
1.552 1699054776.8168511
1.601 1699054776.9150102
1.719 1699054777.009088
2.041 1699054777.1127565
1.726 1699054777.20723
1.811 1699054777.3015275
1.726 1699054777.4153354
1.711 1699054777.5098727
2.25 1699054777.604407
2.283 1699054777.7101207
2.374 1699054777.8049545
2.376 1699054777.9163718
2.297 1699054778.0107396
2.412 1699054778.1060967
2.294 1699054778.2128406
2.368 1699054778.3077526
2.091 1699054778.414623
2.138 1699054778.5094335
2.182 1699054778.6201274
2.637 1699054778.7133846
1.723 1699054778.8081417
1.75 1699054778.915037
1.826 1699054779.0099869
1.724 1699054779.1046236
1.761 1699054779.2137299
1.786 1699054779.3125927
1.642 1699054779.4156027
1.805 1699054779.509811
1.707 1699054779.6045766
1.685 1699054779.7143433
1.837 1699054779.81338
1.766 1699054779.916758
1.766 1699054780.010888
1.699 1699054780.1052036
2.131 1699054780.2155564
2.011 1699054780.3125563
1.801 1699054780.4166636
1.902 1699054780.5107822
1.812 1699054780.6208239
1.806 1699054780.715019
1.808 1699054780.8151286
1.829 1699054780.9167206
1.847 1699054781.0108235
1.885 1699054781.1212373
1.881 1699054781.215577
1.837 1699054781.309741
1.808 1699054781.4162817
1.797 1699054781.5127885
1.877 1699054781.6216161
1.824 1699054781.71609
2.383 1699054781.8108795
1.901 1699054781.9138083
1.806 1699054782.0082378
1.776 1699054782.118132
1.693 1699054782.2124877
1.677 1699054782.307283
1.71 1699054782.414769
1.562 1699054782.5235403
1.596 1699054782.6178613
1.643 1699054782.7126896
1.547 1699054782.823093
1.662 1699054782.9162478
1.546 1699054783.0106666
1.617 1699054783.1208787
1.608 1699054783.2153153
1.721 1699054783.3244226
2.057 1699054783.414035
2.148 1699054783.5281882
2.233 1699054783.6234164
2.309 1699054783.718271
2.389 1699054783.8286371
2.316 1699054783.9174578
2.454 1699054784.0272515
2.316 1699054784.1220694
2.376 1699054784.2254725
2.374 1699054784.320056
2.405 1699054784.4136634
2.14 1699054784.5151956
2.187 1699054784.624833
2.244 1699054784.7195573
1.756 1699054784.8142538
1.908 1699054784.9172254
2.048 1699054785.0127592
1.842 1699054785.12605
1.68 1699054785.2209587
1.799 1699054785.3161845
1.813 1699054785.4139848
1.818 1699054785.5248067
1.791 1699054785.628878
1.657 1699054785.7239223
1.641 1699054785.8192332
1.746 1699054785.916965
1.637 1699054786.0269995
1.809 1699054786.129992
1.679 1699054786.2249007
1.786 1699054786.3193502
1.813 1699054786.4172702
2.061 1699054786.5271878
1.823 1699054786.6221344
1.694 1699054786.7247517
1.615 1699054786.8198912
1.759 1699054786.9161541
1.723 1699054787.0238035
1.748 1699054787.1184366
1.751 1699054787.217142
1.758 1699054787.3251717
1.766 1699054787.417681
1.765 1699054787.5259585
1.762 1699054787.6205738
1.779 1699054787.728941
1.736 1699054787.8238316
1.778 1699054787.9187999
1.766 1699054788.0260494
2.178 1699054788.12052
1.699 1699054788.230415
1.631 1699054788.3261726
1.68 1699054788.4203038
1.607 1699054788.5261476
1.714 1699054788.6291788
1.604 1699054788.7240636
1.704 1699054788.827187
1.673 1699054788.9318745
1.689 1699054789.0258932
1.639 1699054789.1226442
1.634 1699054789.2227488
1.593 1699054789.328341
1.621 1699054789.423499
1.601 1699054789.5238528
1.836 1699054789.6240234
2.514 1699054789.7241776
2.241 1699054789.8242893
2.323 1699054789.9243248
2.278 1699054790.0268035
2.349 1699054790.124882
2.321 1699054790.2250648
2.351 1699054790.3275309
1.995 1699054790.4253054
1.869 1699054790.5254295
1.743 1699054790.6255665
1.723 1699054790.7258947
1.635 1699054790.8261526
1.748 1699054790.9263675
1.771 1699054791.026619
1.732 1699054791.1208448
2.029 1699054791.2155397
1.925 1699054791.3261838
1.756 1699054791.4143186
1.795 1699054791.5275855
1.664 1699054791.627857
1.717 1699054791.714135
1.69 1699054791.824607
1.652 1699054791.9136982
1.706 1699054792.0101266
1.752 1699054792.1205094
1.734 1699054792.2151158
1.738 1699054792.309663
1.814 1699054792.4160168
1.8 1699054792.510182
1.737 1699054792.621006
1.766 1699054792.7152731
2.173 1699054792.8098514
1.819 1699054792.91487
1.773 1699054793.0125823
1.72 1699054793.1230078
1.696 1699054793.2173336
1.772 1699054793.3115652
1.719 1699054793.4161344
1.78 1699054793.5107355
1.715 1699054793.6235678
1.724 1699054793.718351
2.3 1699054793.8119583
2.411 1699054793.9148228
2.429 1699054794.024267
2.293 1699054794.1110482
2.342 1699054794.2212834
2.367 1699054794.316378
2.642 1699054794.4154549
2.303 1699054794.52656
2.087 1699054794.612461
2.127 1699054794.7228045
2.145 1699054794.8176115
2.181 1699054794.9160964
2.226 1699054795.026336
1.739 1699054795.1280067
1.777 1699054795.2249703
1.764 1699054795.3197975
1.758 1699054795.4169307
1.739 1699054795.527552
1.745 1699054795.6222484
1.636 1699054795.7291245
1.673 1699054795.8241959
1.999 1699054795.9156785
1.902 1699054796.030496
1.729 1699054796.1204765
1.775 1699054796.228682
1.876 1699054796.3228595
1.847 1699054796.415395
1.818 1699054796.5253558
1.797 1699054796.6203165
1.809 1699054796.7278607
1.902 1699054796.822369
1.802 1699054796.9303842
1.806 1699054797.025305
1.794 1699054797.120301
1.833 1699054797.215275
1.873 1699054797.3259432
1.863 1699054797.4161532
2.532 1699054797.5260785
1.895 1699054797.620602
1.908 1699054797.731264
1.85 1699054797.8270261
1.866 1699054797.9310508
1.856 1699054798.0255592
1.818 1699054798.1204495
1.868 1699054798.2312934
1.91 1699054798.328514
1.696 1699054798.4292085
1.785 1699054798.5239756
1.707 1699054798.6343677
1.756 1699054798.7300227
1.722 1699054798.8294008
1.676 1699054798.931219
1.866 1699054799.02512
1.829 1699054799.1202662
1.628 1699054799.2308145
1.668 1699054799.3252525
1.692 1699054799.4298966
1.775 1699054799.5243967
1.769 1699054799.6194468
1.78 1699054799.7301683
1.701 1699054799.8248043
1.709 1699054799.927858
1.619 1699054800.0229027
1.709 1699054800.118287
1.955 1699054800.2279909
2.076 1699054800.3226013
2.394 1699054800.430808
2.432 1699054800.525066
2.819 1699054800.620483
2.378 1699054800.7296274
2.349 1699054800.8239186
2.325 1699054800.930371
2.068 1699054801.0271995
2.297 1699054801.1218002
2.14 1699054801.2309384
2.368 1699054801.3250105
2.217 1699054801.4302065
2.254 1699054801.5272033
1.814 1699054801.6221278
1.684 1699054801.7290385
1.794 1699054801.8233118
1.667 1699054801.9288235
1.742 1699054802.0275252
1.788 1699054802.1222003
2.293 1699054802.2171037
1.654 1699054802.3274167
1.72 1699054802.4298525
1.75 1699054802.524819
1.732 1699054802.6241372
1.677 1699054802.7338045
1.754 1699054802.828112
1.715 1699054802.932114
1.605 1699054803.0262923
1.735 1699054803.1271472
1.663 1699054803.2219353
1.705 1699054803.3318198
1.798 1699054803.4313366
1.676 1699054803.5255146
1.751 1699054803.6295114
1.761 1699054803.7253966
1.743 1699054803.8354862
1.75 1699054803.9286268
1.695 1699054804.0235202
1.749 1699054804.1331983
1.692 1699054804.2248929
