2.436 1701044355.0427551
2.876 1701044355.1368952
2.49 1701044355.23131
2.497 1701044355.3309844
2.524 1701044355.4334311
2.504 1701044355.5316982
2.446 1701044355.6411066
2.456 1701044355.7350256
2.506 1701044355.8317788
2.461 1701044355.930045
2.542 1701044356.0307596
2.547 1701044356.1249006
2.885 1701044356.2190459
2.579 1701044356.3323877
2.584 1701044356.4266038
2.594 1701044356.5147798
2.432 1701044356.624556
2.469 1701044356.7186925
2.456 1701044356.815812
2.493 1701044356.9099536
2.479 1701044357.016342
2.538 1701044357.1098862
2.544 1701044357.2040248
2.562 1701044357.315726
2.568 1701044357.40987
2.571 1701044357.5040116
2.572 1701044357.596159
2.401 1701044357.7059243
2.423 1701044357.8032463
2.479 1701044357.8984675
2.409 1701044357.9920201
2.514 1701044358.098055
2.522 1701044358.192217
2.533 1701044358.2844212
2.514 1701044358.3785815
2.455 1701044358.4883018
2.403 1701044358.5827367
2.494 1701044358.6790767
2.508 1701044358.784203
2.508 1701044358.8783574
2.508 1701044358.9792058
2.512 1701044359.073368
2.517 1701044359.1792731
2.522 1701044359.2677665
2.53 1701044359.3775423
2.46 1701044359.471723
2.514 1701044359.5658722
2.394 1701044359.6666286
2.456 1701044359.7677643
2.524 1701044359.8775365
2.519 1701044359.9663334
2.744 1701044360.076108
2.539 1701044360.1702535
2.546 1701044360.2679389
2.512 1701044360.3801322
2.449 1701044360.4742818
2.539 1701044360.5684295
2.47 1701044360.6782036
2.459 1701044360.7811146
2.601 1701044360.8784485
2.535 1701044360.9726052
2.55 1701044361.0667455
2.604 1701044361.1765256
2.426 1701044361.2693074
2.501 1701044361.3789265
2.495 1701044361.4773452
2.491 1701044361.576044
2.592 1701044361.6627746
2.544 1701044361.7678235
2.579 1701044361.860708
2.549 1701044361.9704757
2.555 1701044362.064622
2.47 1701044362.1587572
2.452 1701044362.2692819
2.408 1701044362.3645253
2.449 1701044362.4586625
2.519 1701044362.5531285
2.511 1701044362.6629086
2.508 1701044362.765317
2.511 1701044362.8645403
2.516 1701044362.9586942
2.521 1701044363.052836
2.745 1701044363.1626198
2.589 1701044363.261156
2.5 1701044363.3619397
2.448 1701044363.4606729
2.526 1701044363.5550044
2.465 1701044363.6656892
2.53 1701044363.765313
2.542 1701044363.861953
2.559 1701044363.9656987
2.564 1701044364.0561535
2.566 1701044364.1503017
2.567 1701044364.2652044
2.452 1701044364.361207
2.157 1701044364.4637563
2.482 1701044364.5579183
2.288 1701044364.652092
2.12 1701044364.7623568
2.479 1701044364.8594766
2.227 1701044364.9536297
2.462 1701044365.0599945
2.457 1701044365.1583903
2.101 1701044365.2651737
2.328 1701044365.3617349
2.124 1701044365.455876
2.366 1701044365.5611782
2.411 1701044365.655319
2.427 1701044365.7494638
2.339 1701044365.8624752
2.332 1701044365.960225
2.35 1701044366.0634835
2.352 1701044366.1576347
2.355 1701044366.265407
2.377 1701044366.3619313
2.31 1701044366.4560723
2.315 1701044366.5507138
2.371 1701044366.660483
2.363 1701044366.765137
2.379 1701044366.8614526
2.416 1701044366.9556253
2.252 1701044367.0653772
2.346 1701044367.1604483
2.317 1701044367.2545836
2.143 1701044367.3619008
2.263 1701044367.4560652
2.362 1701044367.5504167
2.424 1701044367.6623988
2.353 1701044367.7572916
2.361 1701044367.8623674
2.371 1701044367.9565127
2.385 1701044368.0506566
2.395 1701044368.148993
2.389 1701044368.2586575
2.397 1701044368.3457294
2.406 1701044368.4554958
2.41 1701044368.5496657
2.427 1701044368.644272
2.421 1701044368.7450733
2.448 1701044368.846764
2.468 1701044368.956536
2.493 1701044369.047883
2.497 1701044369.1419094
2.507 1701044369.2458103
2.523 1701044369.346063
2.528 1701044369.4401882
2.532 1701044369.5499556
2.532 1701044369.6440976
2.475 1701044369.7477214
2.537 1701044369.8454516
2.539 1701044369.945476
2.438 1701044370.0396166
2.54 1701044370.1337583
2.54 1701044370.2435226
2.404 1701044370.330257
2.485 1701044370.4400225
2.451 1701044370.5342069
2.586 1701044370.6283557
2.434 1701044370.7224956
2.597 1701044370.830526
2.523 1701044370.9246707
2.524 1701044371.019018
2.474 1701044371.1288102
2.515 1701044371.2231956
2.506 1701044371.3145535
2.52 1701044371.4117155
2.485 1701044371.5216124
2.474 1701044371.6157854
2.357 1701044371.7099264
2.508 1701044371.8136106
2.393 1701044371.9115639
2.504 1701044372.0103254
2.509 1701044372.1044805
2.404 1701044372.1986291
2.5 1701044372.298104
2.456 1701044372.3973434
2.399 1701044372.4939516
2.5 1701044372.5887182
2.486 1701044372.6983712
2.485 1701044372.7982252
2.483 1701044372.8923495
2.48 1701044372.9797802
2.827 1701044373.0815096
2.508 1701044373.190176
2.603 1701044373.2835975
2.528 1701044373.3777611
2.545 1701044373.4808717
2.545 1701044373.5753205
2.558 1701044373.6696553
2.451 1701044373.784766
2.442 1701044373.8795059
2.449 1701044373.9824526
2.556 1701044374.0759883
2.575 1701044374.1701412
2.585 1701044374.2815087
2.585 1701044374.3780515
2.516 1701044374.472428
2.491 1701044374.5771954
2.464 1701044374.6718845
2.495 1701044374.7661622
2.424 1701044374.864178
2.493 1701044374.9739277
2.519 1701044375.0631778
2.524 1701044375.172943
2.519 1701044375.267064
2.45 1701044375.361249
2.532 1701044375.4710133
2.599 1701044375.565769
2.543 1701044375.6609397
2.534 1701044375.768938
2.535 1701044375.8611333
2.482 1701044375.966054
2.536 1701044376.065254
2.59 1701044376.1621573
2.554 1701044376.2659433
2.557 1701044376.362118
2.478 1701044376.4562716
2.517 1701044376.550428
2.51 1701044376.6628237
2.561 1701044376.7637107
2.45 1701044376.8609836
2.477 1701044376.9551215
2.442 1701044377.0650098
2.549 1701044377.1642494
2.571 1701044377.2646496
2.451 1701044377.360975
2.439 1701044377.4551241
2.4 1701044377.5492713
2.519 1701044377.6590512
2.482 1701044377.7636907
2.47 1701044377.8613274
2.464 1701044377.9554725
2.481 1701044378.0496225
2.499 1701044378.161663
2.495 1701044378.2636094
2.406 1701044378.3611467
2.496 1701044378.455328
2.505 1701044378.5498447
2.51 1701044378.6602905
2.507 1701044378.749173
2.496 1701044378.862889
2.505 1701044378.9570441
2.515 1701044379.0511858
2.53 1701044379.160956
2.534 1701044379.2551157
2.547 1701044379.3603206
2.556 1701044379.4544647
2.584 1701044379.564384
2.599 1701044379.658606
2.571 1701044379.7527478
2.548 1701044379.861009
2.517 1701044379.9551575
2.509 1701044380.04973
2.574 1701044380.1594963
2.581 1701044380.253638
2.453 1701044380.3629835
2.488 1701044380.4571283
2.57 1701044380.5544329
2.516 1701044380.661094
2.46 1701044380.764652
2.403 1701044380.8645475
2.519 1701044380.9604032
2.511 1701044381.0544407
2.41 1701044381.1650524
2.489 1701044381.263582
2.47 1701044381.3615353
2.492 1701044381.4607894
2.342 1701044381.5627751
2.486 1701044381.6571045
2.487 1701044381.751253
2.473 1701044381.8617764
2.474 1701044381.9628055
2.472 1701044382.0569472
2.481 1701044382.1614797
2.413 1701044382.2635539
2.505 1701044382.3638368
2.424 1701044382.463707
2.471 1701044382.557865
2.476 1701044382.6517227
2.493 1701044382.7644894
2.479 1701044382.8611958
2.483 1701044382.9553602
2.372 1701044383.0601478
2.367 1701044383.1542928
2.197 1701044383.2640743
2.329 1701044383.34927
2.414 1701044383.4592023
2.301 1701044383.5625007
2.419 1701044383.6568146
2.437 1701044383.7509577
2.295 1701044383.8616955
2.433 1701044383.9558444
2.227 1701044384.063522
2.406 1701044384.160501
2.4 1701044384.2546453
2.332 1701044384.3609715
2.127 1701044384.4640799
2.369 1701044384.5628505
2.331 1701044384.6606832
2.308 1701044384.7548258
2.394 1701044384.8603215
2.383 1701044384.9593587
2.296 1701044385.0654771
2.676 1701044385.1625466
2.915 1701044385.2643728
2.422 1701044385.3609204
2.448 1701044385.4550638
2.274 1701044385.5492053
2.444 1701044385.6639204
2.457 1701044385.7644422
2.375 1701044385.8605628
2.455 1701044385.9633827
2.475 1701044386.0576565
2.482 1701044386.15208
2.294 1701044386.2642894
2.498 1701044386.3608527
2.513 1701044386.4550009
2.233 1701044386.5638218
2.49 1701044386.6595702
2.483 1701044386.7612572
2.483 1701044386.8604772
2.491 1701044386.9546878
2.487 1701044387.0589015
2.509 1701044387.153041
2.518 1701044387.247587
2.523 1701044387.3466003
2.535 1701044387.4558628
2.546 1701044387.5500038
2.56 1701044387.6441765
2.56 1701044387.7499373
2.583 1701044387.8458629
2.559 1701044387.9400055
2.584 1701044388.0497692
2.616 1701044388.143942
2.584 1701044388.2381177
2.685 1701044388.347841
2.572 1701044388.4421413
2.588 1701044388.5365593
2.473 1701044388.6468923
2.512 1701044388.7410254
2.603 1701044388.831051
2.611 1701044388.940826
2.582 1701044389.0349662
2.484 1701044389.1291084
2.4 1701044389.2388997
2.431 1701044389.3270943
2.497 1701044389.426991
2.416 1701044389.5211341
2.546 1701044389.6311774
2.537 1701044389.7277176
2.426 1701044389.8133323
2.437 1701044389.913469
2.431 1701044390.0231261
2.5 1701044390.1172655
2.455 1701044390.2114189
2.504 1701044390.3131907
2.488 1701044390.4137635
2.471 1701044390.5078998
2.401 1701044390.6020427
2.407 1701044390.711911
2.475 1701044390.798031
2.483 1701044390.894885
2.489 1701044390.9944966
2.498 1701044391.0981357
2.495 1701044391.1922789
2.495 1701044391.2978287
2.496 1701044391.391968
2.506 1701044391.4961927
2.503 1701044391.5909975
2.51 1701044391.684749
2.522 1701044391.7861679
2.531 1701044391.8803148
2.543 1701044391.9791634
2.586 1701044392.0766268
2.586 1701044392.170769
2.566 1701044392.2833369
2.603 1701044392.3768988
2.564 1701044392.4710424
2.577 1701044392.578271
2.573 1701044392.672465
2.516 1701044392.7666085
2.573 1701044392.8776062
2.489 1701044392.9717565
2.573 1701044393.0637517
2.569 1701044393.1735742
2.517 1701044393.2673385
2.517 1701044393.3615205
2.441 1701044393.4713185
2.55 1701044393.5654593
2.461 1701044393.660016
2.491 1701044393.7664049
2.527 1701044393.8605535
2.407 1701044393.9703217
2.467 1701044394.0644603
2.397 1701044394.1609867
2.469 1701044394.266566
2.476 1701044394.3601196
2.482 1701044394.4542615
2.465 1701044394.564034
2.482 1701044394.6637492
2.482 1701044394.757279
2.479 1701044394.8599668
2.4 1701044394.9541209
2.43 1701044395.063918
2.466 1701044395.1580534
2.466 1701044395.2594228
2.469 1701044395.3600054
2.47 1701044395.459393
2.479 1701044395.5535765
2.476 1701044395.6488302
2.865 1701044395.7630599
2.465 1701044395.860982
2.512 1701044395.9600928
2.523 1701044396.05455
2.742 1701044396.164322
2.545 1701044396.264064
2.546 1701044396.3613539
2.604 1701044396.4555178
2.59 1701044396.560768
2.571 1701044396.6549323
2.542 1701044396.7486076
2.281 1701044396.8615575
2.174 1701044396.9558296
2.384 1701044397.0499642
2.244 1701044397.1595793
2.427 1701044397.2635865
2.252 1701044397.3602903
2.485 1701044397.4544454
2.371 1701044397.548603
2.332 1701044397.6588151
2.156 1701044397.762787
2.418 1701044397.8622398
2.398 1701044397.9597726
2.315 1701044398.0540285
2.366 1701044398.16346
2.359 1701044398.2639122
2.273 1701044398.363954
2.24 1701044398.4578767
2.368 1701044398.5520191
2.301 1701044398.6621213
2.329 1701044398.7627501
2.37 1701044398.8603883
2.39 1701044398.9599476
2.399 1701044399.054087
2.693 1701044399.1482356
2.412 1701044399.2580214
2.654 1701044399.3600273
2.326 1701044399.4457557
2.438 1701044399.5560064
2.418 1701044399.6505246
2.412 1701044399.7446713
2.426 1701044399.852681
2.456 1701044399.947984
2.476 1701044400.0418754
2.47 1701044400.1516461
2.487 1701044400.2430654
2.493 1701044400.3462794
2.508 1701044400.4404223
2.51 1701044400.5439265
2.524 1701044400.6394014
2.516 1701044400.7481663
2.517 1701044400.846674
2.51 1701044400.940804
2.598 1701044401.0440912
2.502 1701044401.1382334
2.535 1701044401.2323875
2.545 1701044401.3291917
2.473 1701044401.4389627
2.57 1701044401.5313804
2.56 1701044401.6286042
2.558 1701044401.7229419
2.557 1701044401.828985
2.504 1701044401.9231434
2.453 1701044402.0173101
2.542 1701044402.1270406
2.542 1701044402.2211814
2.546 1701044402.312068
2.546 1701044402.4218886
2.547 1701044402.5160356
2.405 1701044402.612662
2.489 1701044402.7067935
2.536 1701044402.8127196
2.589 1701044402.9069717
2.5 1701044403.0010464
2.538 1701044403.0953362
2.507 1701044403.194446
2.432 1701044403.296449
2.48 1701044403.3905866
2.453 1701044403.5003636
2.47 1701044403.5945425
2.509 1701044403.6940212
2.461 1701044403.7949893
2.491 1701044403.889149
2.5 1701044403.9832892
2.498 1701044404.0774546
2.48 1701044404.1810393
2.449 1701044404.2815864
2.449 1701044404.375744
2.5 1701044404.4703743
2.399 1701044404.5801437
2.49 1701044404.6743004
2.493 1701044404.7666793
2.495 1701044404.8768203
2.503 1701044404.9708836
2.495 1701044405.0650249
2.518 1701044405.1747997
2.48 1701044405.2660394
2.521 1701044405.3761303
2.526 1701044405.4704432
2.528 1701044405.565032
2.519 1701044405.6758792
2.494 1701044405.7662108
2.467 1701044405.8752825
2.519 1701044405.9769657
2.505 1701044406.073789
2.513 1701044406.1679254
2.533 1701044406.2656484
2.529 1701044406.3600545
2.536 1701044406.4698272
2.478 1701044406.5639646
2.448 1701044406.6581059
2.422 1701044406.7662477
2.499 1701044406.8635075
2.425 1701044406.9570425
2.489 1701044407.066844
2.51 1701044407.161007
2.516 1701044407.2657874
2.493 1701044407.364032
2.52 1701044407.4575918
2.483 1701044407.551734
2.454 1701044407.6615334
2.359 1701044407.7562351
2.461 1701044407.85994
2.47 1701044407.959842
2.491 1701044408.0540633
2.516 1701044408.1483965
2.5 1701044408.2583613
2.494 1701044408.3447745
2.469 1701044408.446462
2.509 1701044408.5564063
2.513 1701044408.651737
2.503 1701044408.7454188
2.503 1701044408.8479412
2.486 1701044408.9454439
2.504 1701044409.042734
2.508 1701044409.1524992
2.516 1701044409.2466412
2.529 1701044409.3453379
2.534 1701044409.4439437
2.583 1701044409.5430105
2.541 1701044409.6369996
2.594 1701044409.7469625
2.552 1701044409.8461375
2.596 1701044409.939685
2.572 1701044410.04478
2.835 1701044410.138928
2.603 1701044410.2332191
2.558 1701044410.329833
2.6 1701044410.42447
2.583 1701044410.5342124
2.614 1701044410.625147
2.579 1701044410.7196314
2.618 1701044410.8290315
2.623 1701044410.9232671
2.679 1701044411.0173988
2.5 1701044411.1120975
2.559 1701044411.221865
2.58 1701044411.3129199
2.588 1701044411.4070506
2.603 1701044411.5168242
2.561 1701044411.613993
2.602 1701044411.709003
2.578 1701044411.812967
2.579 1701044411.907083
2.595 1701044412.0012243
2.58 1701044412.095367
2.507 1701044412.1934896
2.542 1701044412.2969477
2.544 1701044412.3913283
2.479 1701044412.485459
2.467 1701044412.5952246
2.559 1701044412.6956599
2.486 1701044412.7817297
2.509 1701044412.8801367
2.547 1701044412.9900026
2.509 1701044413.0842283
2.519 1701044413.1783712
2.533 1701044413.2812557
2.533 1701044413.3754237
2.531 1701044413.4695902
2.473 1701044413.5801055
2.522 1701044413.6736574
2.519 1701044413.7652843
2.457 1701044413.8750508
2.516 1701044413.9691942
2.52 1701044414.078976
2.524 1701044414.1731114
2.59 1701044414.2657175
2.532 1701044414.3765302
2.541 1701044414.471406
2.547 1701044414.5651312
2.548 1701044414.6749003
2.558 1701044414.7657843
2.564 1701044414.8586907
2.563 1701044414.9714339
