3.857 1699056266.8706641
3.791 1699056266.9804769
4.005 1699056267.0807068
3.278 1699056267.17504
2.416 1699056267.2872248
2.007 1699056267.3856397
1.994 1699056267.4791582
1.951 1699056267.5857005
2.023 1699056267.6736646
1.972 1699056267.7864463
1.929 1699056267.8842068
1.871 1699056267.9795947
2.015 1699056268.0819867
1.898 1699056268.1816764
1.999 1699056268.2881098
1.941 1699056268.3805575
1.912 1699056268.4750702
1.995 1699056268.5849047
1.98 1699056268.6849248
1.994 1699056268.7874892
1.891 1699056268.8836303
1.911 1699056268.979271
1.825 1699056269.0741346
1.881 1699056269.1883988
1.85 1699056269.2889042
1.899 1699056269.3844035
1.784 1699056269.4810286
1.869 1699056269.5757644
1.758 1699056269.6884687
1.901 1699056269.7882638
1.73 1699056269.88411
1.662 1699056269.9787664
1.684 1699056270.0739071
1.584 1699056270.1838732
1.705 1699056270.2869718
1.7 1699056270.3816245
1.699 1699056270.4761205
1.709 1699056270.5858278
1.772 1699056270.6801703
1.726 1699056270.7881496
1.588 1699056270.8759859
1.821 1699056270.9857047
1.71 1699056271.0807285
1.665 1699056271.1755784
1.692 1699056271.288616
1.709 1699056271.386209
1.737 1699056271.4842286
1.711 1699056271.579178
1.723 1699056271.6739028
1.741 1699056271.7883146
1.671 1699056271.8888078
1.737 1699056271.9832187
2.036 1699056272.0775843
2.383 1699056272.1873686
2.421 1699056272.2906308
2.34 1699056272.3862562
2.422 1699056272.481127
2.852 1699056272.5762765
3.599 1699056272.6869514
3.79 1699056272.7874868
3.496 1699056272.8855116
3.283 1699056272.9822712
3.241 1699056273.0767002
3.21 1699056273.1872246
3.18 1699056273.2885306
2.593 1699056273.3833828
2.063 1699056273.482982
1.939 1699056273.5776932
1.984 1699056273.6879654
2.002 1699056273.7886715
1.842 1699056273.8823602
2.011 1699056273.9855394
1.953 1699056274.0803149
1.905 1699056274.1754248
1.983 1699056274.2887475
1.91 1699056274.3859704
1.878 1699056274.488914
1.849 1699056274.581311
1.924 1699056274.6759748
1.972 1699056274.7883127
1.768 1699056274.8880422
1.766 1699056274.9873598
1.782 1699056275.08272
1.753 1699056275.1775362
1.834 1699056275.2867448
1.873 1699056275.3721273
1.786 1699056275.4824483
1.863 1699056275.58315
1.764 1699056275.677306
1.844 1699056275.7870483
1.898 1699056275.8724935
1.749 1699056275.982359
1.758 1699056276.0884695
1.811 1699056276.178103
2.195 1699056276.2882843
2.443 1699056276.3887455
2.441 1699056276.4830325
3.208 1699056276.5894625
3.693 1699056276.678675
3.737 1699056276.7798047
3.743 1699056276.8744297
3.858 1699056276.9848905
3.733 1699056277.0795977
3.148 1699056277.1799448
3.611 1699056277.2875862
3.728 1699056277.379402
3.798 1699056277.4741557
3.376 1699056277.5843651
3.108 1699056277.6839275
3.044 1699056277.7866113
3.106 1699056277.880744
2.048 1699056277.9752085
1.793 1699056278.0855138
1.912 1699056278.1873443
1.788 1699056278.287316
1.817 1699056278.3797054
1.795 1699056278.4741826
1.86 1699056278.5845091
1.905 1699056278.6788094
1.796 1699056278.7878013
1.81 1699056278.8774772
1.879 1699056278.9873834
1.795 1699056279.0817437
1.811 1699056279.1762385
1.856 1699056279.2861907
1.857 1699056279.3855612
1.811 1699056279.4869437
1.833 1699056279.5858028
1.813 1699056279.6862295
1.789 1699056279.7864246
1.722 1699056279.8876452
1.729 1699056279.9867585
1.822 1699056280.0769591
1.77 1699056280.1716633
1.813 1699056280.2863843
1.816 1699056280.3831115
1.818 1699056280.4834683
1.822 1699056280.5779471
1.817 1699056280.672749
1.708 1699056280.7873077
1.774 1699056280.8869889
1.761 1699056280.981305
1.825 1699056281.0761197
1.725 1699056281.1853943
1.799 1699056281.2878828
1.795 1699056281.3877642
1.806 1699056281.4810143
1.774 1699056281.5754795
1.803 1699056281.6857078
1.732 1699056281.7896657
1.753 1699056281.8896224
1.819 1699056281.9817142
1.735 1699056282.0761163
1.773 1699056282.1865304
1.701 1699056282.2893856
1.611 1699056282.3834016
1.711 1699056282.4845953
1.777 1699056282.5798292
1.761 1699056282.6896682
1.709 1699056282.7891598
1.641 1699056282.8840168
2.069 1699056282.9829385
2.376 1699056283.0773938
2.479 1699056283.1873503
2.451 1699056283.289919
2.463 1699056283.38225
3.598 1699056283.491044
3.662 1699056283.576733
3.808 1699056283.687148
3.812 1699056283.7900157
3.86 1699056283.8821514
3.809 1699056283.9767895
3.732 1699056284.0752616
3.799 1699056284.1853063
3.376 1699056284.289656
3.124 1699056284.380235
3.173 1699056284.4902253
3.016 1699056284.574433
3.065 1699056284.6851182
2.689 1699056284.787925
1.805 1699056284.8809311
1.857 1699056284.9758325
1.847 1699056285.0853245
1.803 1699056285.1870737
1.807 1699056285.28807
1.871 1699056285.3826144
1.865 1699056285.4772286
1.814 1699056285.5881555
1.863 1699056285.6867807
1.796 1699056285.78752
1.814 1699056285.8811762
1.805 1699056285.9755275
1.832 1699056286.0854015
1.848 1699056286.1852133
1.889 1699056286.288679
1.798 1699056286.383216
1.813 1699056286.4809535
1.842 1699056286.575894
1.822 1699056286.68834
1.758 1699056286.7886603
1.839 1699056286.8866816
1.838 1699056286.9811172
1.781 1699056287.076084
1.834 1699056287.187497
1.838 1699056287.2876637
1.752 1699056287.3847191
1.744 1699056287.4799335
1.68 1699056287.5747917
1.763 1699056287.6843574
1.817 1699056287.7862635
1.814 1699056287.8818007
1.814 1699056287.9764006
1.774 1699056288.0855072
1.719 1699056288.1800282
1.817 1699056288.2874928
1.797 1699056288.3769567
1.655 1699056288.4867268
1.797 1699056288.581494
1.612 1699056288.6760936
1.767 1699056288.787728
1.625 1699056288.8868833
1.672 1699056288.9813833
1.691 1699056289.075982
1.73 1699056289.1856046
1.688 1699056289.2874515
1.671 1699056289.3820567
1.668 1699056289.4759314
1.82 1699056289.585507
2.168 1699056289.680268
2.387 1699056289.7864895
2.46 1699056289.8805077
2.54 1699056289.9752274
2.423 1699056290.0843728
2.922 1699056290.1788716
3.604 1699056290.2866838
3.739 1699056290.386351
3.772 1699056290.4739218
3.591 1699056290.5843318
3.084 1699056290.6790822
3.062 1699056290.7862797
3.101 1699056290.874922
2.835 1699056290.975626
2.927 1699056291.0854871
2.707 1699056291.1801448
1.815 1699056291.277814
1.878 1699056291.3758917
1.959 1699056291.4776158
1.749 1699056291.573746
1.767 1699056291.6837091
1.803 1699056291.788494
1.812 1699056291.8799076
1.873 1699056291.988354
1.778 1699056292.0759387
1.791 1699056292.1859736
1.778 1699056292.2864714
1.854 1699056292.3805566
1.81 1699056292.486398
1.692 1699056292.5744662
1.875 1699056292.6844616
1.823 1699056292.7865312
1.828 1699056292.8790686
1.757 1699056292.97354
1.802 1699056293.0734143
1.819 1699056293.1832545
1.822 1699056293.287672
1.824 1699056293.3789103
1.827 1699056293.4733362
1.826 1699056293.5882392
1.892 1699056293.6840694
1.734 1699056293.7875633
1.776 1699056293.8819656
1.793 1699056293.973338
1.768 1699056294.0874984
1.744 1699056294.1839328
1.607 1699056294.287692
1.685 1699056294.3787382
1.812 1699056294.4729023
1.811 1699056294.5834703
2.295 1699056294.683661
2.16 1699056294.784975
2.414 1699056294.885918
2.425 1699056294.9763596
2.337 1699056295.0862086
2.462 1699056295.18633
3.447 1699056295.2861924
3.739 1699056295.383528
3.77 1699056295.4853163
3.701 1699056295.5797312
3.826 1699056295.688012
3.775 1699056295.7787442
3.543 1699056295.8756416
2.932 1699056295.985777
3.009 1699056296.0793357
3.069 1699056296.1737568
3.022 1699056296.2872884
3.085 1699056296.3871026
3.184 1699056296.4812534
2.241 1699056296.5757194
1.89 1699056296.6853309
1.866 1699056296.7867935
1.88 1699056296.8834255
1.78 1699056296.9774354
1.843 1699056297.0715992
1.775 1699056297.1813257
1.82 1699056297.2867649
1.909 1699056297.3773232
1.847 1699056297.4715967
1.794 1699056297.5813732
1.715 1699056297.6758296
1.838 1699056297.7760692
1.902 1699056297.8867261
1.911 1699056297.981189
1.78 1699056298.0754173
1.798 1699056298.1845791
1.755 1699056298.2880945
1.782 1699056298.3812988
1.82 1699056298.4756265
1.825 1699056298.585361
1.824 1699056298.6795104
1.816 1699056298.7882864
1.818 1699056298.8782318
1.81 1699056298.9873292
1.815 1699056299.0814493
1.776 1699056299.1757174
1.789 1699056299.2897074
1.823 1699056299.3881671
1.737 1699056299.4848611
1.752 1699056299.5790033
1.807 1699056299.6731305
1.81 1699056299.7747302
1.691 1699056299.8834887
1.723 1699056299.9834983
1.704 1699056300.0778759
1.726 1699056300.1725957
1.712 1699056300.2874718
1.77 1699056300.3828683
1.707 1699056300.4861286
1.76 1699056300.5803123
1.609 1699056300.6745389
1.687 1699056300.784355
1.7 1699056300.8854046
1.614 1699056300.9873037
1.729 1699056301.0826871
2.154 1699056301.177137
2.295 1699056301.2882261
2.449 1699056301.387317
2.321 1699056301.483368
2.398 1699056301.5731406
2.327 1699056301.683044
2.35 1699056301.7875786
3.392 1699056301.8780391
3.627 1699056301.9725785
3.749 1699056302.0722954
3.837 1699056302.1821861
3.793 1699056302.286911
3.274 1699056302.3766725
3.13 1699056302.486378
2.875 1699056302.588589
2.95 1699056302.6814976
3.01 1699056302.7882829
3.061 1699056302.8764858
3.109 1699056302.9861925
2.827 1699056303.0890157
1.789 1699056303.1808424
1.907 1699056303.2892895
1.831 1699056303.3762653
1.823 1699056303.486044
1.78 1699056303.5806851
1.81 1699056303.6811416
1.765 1699056303.7885773
1.807 1699056303.8803594
1.795 1699056303.975195
1.82 1699056304.0848353
1.789 1699056304.1888824
1.757 1699056304.2865746
1.745 1699056304.3825154
1.789 1699056304.4771488
1.784 1699056304.5717645
1.814 1699056304.6868033
1.802 1699056304.7860403
1.818 1699056304.883535
1.773 1699056304.9777932
1.793 1699056305.0722141
1.748 1699056305.1821003
1.769 1699056305.287022
1.728 1699056305.3804448
1.798 1699056305.474732
1.654 1699056305.5851686
1.917 1699056305.679296
1.77 1699056305.7879055
1.737 1699056305.8754187
1.796 1699056305.9860785
1.716 1699056306.0803385
1.722 1699056306.1747236
1.641 1699056306.2887342
1.761 1699056306.386158
1.674 1699056306.480737
1.673 1699056306.5754797
1.74 1699056306.6859734
1.722 1699056306.7881713
1.574 1699056306.8818097
1.633 1699056306.9827707
1.7 1699056307.0725527
1.72 1699056307.1824863
1.674 1699056307.2858124
2.054 1699056307.3797235
2.31 1699056307.4741893
2.456 1699056307.5846267
2.479 1699056307.678932
2.408 1699056307.7866073
2.416 1699056307.8866384
2.353 1699056307.973376
2.8 1699056308.08336
3.714 1699056308.1781392
3.712 1699056308.2763155
3.633 1699056308.3860338
3.748 1699056308.4749942
3.65 1699056308.5849335
3.154 1699056308.679082
2.851 1699056308.7865112
2.941 1699056308.87371
3.004 1699056308.978862
3.052 1699056309.0853164
3.092 1699056309.180078
3.132 1699056309.2854538
2.71 1699056309.3755374
1.969 1699056309.4848595
1.951 1699056309.5710707
1.78 1699056309.681734
1.849 1699056309.7862802
1.831 1699056309.876964
1.878 1699056309.987642
1.822 1699056310.0869422
1.864 1699056310.1813252
1.84 1699056310.2872546
1.91 1699056310.376556
1.826 1699056310.4898953
1.867 1699056310.5864983
1.847 1699056310.6848974
1.793 1699056310.7908022
1.782 1699056310.879525
1.777 1699056310.991082
1.751 1699056311.0891886
1.76 1699056311.183534
1.787 1699056311.2914941
1.791 1699056311.3789997
1.74 1699056311.4890764
1.813 1699056311.5913038
1.745 1699056311.6834085
1.806 1699056311.7891636
1.737 1699056311.8791878
1.777 1699056311.973797
1.795 1699056312.0879185
1.757 1699056312.1843927
1.799 1699056312.2882547
1.788 1699056312.3797052
1.821 1699056312.4744735
1.663 1699056312.5845096
1.697 1699056312.6862385
1.706 1699056312.7873185
1.781 1699056312.8835003
1.699 1699056312.9823546
1.807 1699056313.0776436
1.735 1699056313.187566
1.679 1699056313.2758327
1.647 1699056313.3855941
1.666 1699056313.479982
1.743 1699056313.5764291
1.727 1699056313.6889262
1.723 1699056313.788869
2.1 1699056313.884819
2.327 1699056313.9826016
2.474 1699056314.0773659
2.402 1699056314.1879406
2.395 1699056314.287506
2.347 1699056314.3860788
2.347 1699056314.481061
2.969 1699056314.5775406
3.193 1699056314.686624
2.99 1699056314.7861323
2.927 1699056314.8840237
2.959 1699056314.9818604
3.106 1699056315.0787005
3.11 1699056315.1863613
3.04 1699056315.2876382
2.645 1699056315.3813734
1.919 1699056315.4794106
1.963 1699056315.587086
1.755 1699056315.682112
1.718 1699056315.7880304
1.856 1699056315.8797657
1.782 1699056315.9796703
1.778 1699056316.0854363
1.802 1699056316.1800184
1.788 1699056316.2883976
1.926 1699056316.3805661
1.831 1699056316.490143
1.736 1699056316.5850165
1.8 1699056316.6816666
1.754 1699056316.788652
1.713 1699056316.8893504
1.739 1699056316.9820395
1.801 1699056317.08522
1.792 1699056317.1823223
1.792 1699056317.2864108
1.799 1699056317.3823555
1.799 1699056317.482711
1.803 1699056317.586722
1.781 1699056317.6831067
1.819 1699056317.7878063
1.732 1699056317.8836281
1.802 1699056317.9837341
2.131 1699056318.0839016
2.446 1699056318.1841993
2.371 1699056318.2877576
2.428 1699056318.3845727
2.393 1699056318.484922
2.588 1699056318.587708
3.727 1699056318.685482
3.77 1699056318.7885525
3.65 1699056318.885577
3.184 1699056318.988947
3.616 1699056319.0856109
3.82 1699056319.1858578
3.624 1699056319.2882025
3.304 1699056319.3862824
2.998 1699056319.4863236
2.912 1699056319.574834
3.087 1699056319.686522
3.127 1699056319.7852397
3.061 1699056319.886826
2.412 1699056319.9760733
1.871 1699056320.086466
1.822 1699056320.1870701
1.809 1699056320.2861888
1.714 1699056320.381016
1.785 1699056320.4812856
1.759 1699056320.5870168
1.895 1699056320.6747067
1.741 1699056320.788823
1.869 1699056320.8890743
1.855 1699056320.989294
1.713 1699056321.076427
1.775 1699056321.1771724
1.722 1699056321.2882237
1.753 1699056321.378103
1.898 1699056321.4898527
1.789 1699056321.5901554
1.799 1699056321.6906557
1.794 1699056321.7891529
1.802 1699056321.8804142
1.795 1699056321.9755282
1.777 1699056322.0855935
1.739 1699056322.1865828
1.802 1699056322.2863803
1.818 1699056322.3802829
1.81 1699056322.4747713
1.791 1699056322.585203
1.82 1699056322.687235
1.807 1699056322.7820451
1.894 1699056322.8796592
1.753 1699056322.9742131
1.798 1699056323.0847328
1.782 1699056323.1791995
1.77 1699056323.2877862
1.822 1699056323.3773322
1.82 1699056323.4872608
1.818 1699056323.5818803
1.757 1699056323.676371
1.783 1699056323.7886283
1.823 1699056323.8878052
1.776 1699056323.9825287
1.716 1699056324.0838208
1.713 1699056324.1882284
1.724 1699056324.2873302
1.721 1699056324.3831508
1.658 1699056324.4781954
1.781 1699056324.573449
2.495 1699056324.6834943
2.317 1699056324.7872562
2.377 1699056324.8801134
2.484 1699056324.9746337
2.455 1699056325.0850608
2.462 1699056325.1794178
2.053 1699056325.2882898
2.627 1699056325.3790307
3.742 1699056325.474226
3.768 1699056325.5845833
3.819 1699056325.6792212
3.728 1699056325.7872527
3.286 1699056325.8873036
3.026 1699056325.9735065
2.872 1699056326.0834396
2.939 1699056326.1783464
2.977 1699056326.2875562
3.024 1699056326.3734298
3.067 1699056326.4737892
3.107 1699056326.5837476
3.076 1699056326.6786134
2.074 1699056326.787835
