1.898 1699054384.1578376
2.174 1699054384.267895
2.145 1699054384.3623064
1.926 1699054384.4766982
2.052 1699054384.5654218
1.955 1699054384.6757557
1.833 1699054384.770073
1.739 1699054384.880158
1.799 1699054384.977064
1.893 1699054385.077997
1.847 1699054385.1730537
1.947 1699054385.284015
1.845 1699054385.3792784
1.945 1699054385.4810293
1.885 1699054385.5824752
1.953 1699054385.696972
1.839 1699054385.7960336
1.864 1699054385.8961098
1.899 1699054386.0004106
1.9 1699054386.09659
2.28 1699054386.1965196
1.796 1699054386.3034928
1.722 1699054386.400018
1.762 1699054386.5016234
1.724 1699054386.5968325
1.76 1699054386.6970017
1.72 1699054386.797242
1.785 1699054386.897407
1.755 1699054387.001138
1.74 1699054387.099664
1.712 1699054387.1977482
1.654 1699054387.2976918
1.627 1699054387.3994522
1.646 1699054387.499802
1.779 1699054387.5983145
1.943 1699054387.6986864
1.746 1699054387.7989056
1.706 1699054387.9001126
1.75 1699054388.002362
1.764 1699054388.099406
1.692 1699054388.1996338
1.762 1699054388.3000164
1.776 1699054388.4003553
1.71 1699054388.5012472
1.772 1699054388.600707
1.584 1699054388.7007113
1.797 1699054388.801029
1.721 1699054388.9013116
1.814 1699054389.0018003
1.749 1699054389.101946
2.034 1699054389.2023394
1.803 1699054389.3025775
1.765 1699054389.4030037
1.813 1699054389.5031195
1.803 1699054389.6031494
1.819 1699054389.7031898
1.704 1699054389.8033175
1.752 1699054389.9047549
1.738 1699054390.0032346
1.71 1699054390.0954802
1.71 1699054390.190045
1.793 1699054390.2937098
1.75 1699054390.403975
1.821 1699054390.4981732
1.767 1699054390.597666
1.703 1699054390.6919613
2.24 1699054390.7959585
1.74 1699054390.8903813
1.703 1699054391.0009477
1.774 1699054391.0949912
1.783 1699054391.1894214
1.813 1699054391.3013165
1.766 1699054391.3964946
1.711 1699054391.5004365
1.726 1699054391.594575
1.733 1699054391.689009
1.788 1699054391.7990873
1.77 1699054391.8932126
1.791 1699054392.0025003
1.789 1699054392.0961664
1.8 1699054392.190817
1.818 1699054392.301206
2.031 1699054392.3948717
2.031 1699054392.4997249
1.61 1699054392.5937808
1.637 1699054392.6884675
1.793 1699054392.7991128
1.734 1699054392.8968015
1.663 1699054392.9992065
1.583 1699054393.092786
1.682 1699054393.2029946
1.716 1699054393.2977898
1.701 1699054393.392391
1.658 1699054393.5008166
1.557 1699054393.5952752
1.559 1699054393.6901739
1.605 1699054393.8010986
1.973 1699054393.896771
1.933 1699054393.9953136
1.704 1699054394.0971165
1.735 1699054394.1917467
1.701 1699054394.3014774
1.713 1699054394.3966026
1.714 1699054394.4965796
1.723 1699054394.5960915
1.734 1699054394.6908998
1.799 1699054394.8013275
1.704 1699054394.895842
1.744 1699054394.998986
1.75 1699054395.0939379
1.762 1699054395.1933858
1.684 1699054395.2912538
1.71 1699054395.3929477
2.072 1699054395.5042984
1.779 1699054395.5936384
1.782 1699054395.703675
1.618 1699054395.797977
1.76 1699054395.892281
1.712 1699054396.0018165
1.767 1699054396.0964813
1.722 1699054396.1913774
1.721 1699054396.301739
1.757 1699054396.396113
1.76 1699054396.5010564
1.724 1699054396.5975218
1.783 1699054396.6918147
1.76 1699054396.8022354
1.776 1699054396.8968098
1.768 1699054397.001021
2.167 1699054397.0947282
1.789 1699054397.1946037
1.724 1699054397.3048997
1.7 1699054397.3993285
1.776 1699054397.4998899
1.698 1699054397.5949595
1.674 1699054397.693283
1.777 1699054397.788355
1.799 1699054397.8985698
1.764 1699054397.998357
1.787 1699054398.092027
1.799 1699054398.1983562
1.809 1699054398.2922876
1.812 1699054398.3931391
1.818 1699054398.4990437
2.164 1699054398.5940685
2.164 1699054398.691008
1.85 1699054398.793011
1.889 1699054398.887936
1.886 1699054398.9982603
1.776 1699054399.0966942
1.754 1699054399.190851
1.763 1699054399.2945635
1.769 1699054399.3893423
1.791 1699054399.4997742
1.745 1699054399.5996614
1.773 1699054399.6943886
1.734 1699054399.7940755
1.751 1699054399.9047494
1.689 1699054400.0018594
1.718 1699054400.0969605
2.102 1699054400.1918747
1.813 1699054400.2976003
1.814 1699054400.3928788
1.811 1699054400.5002584
1.768 1699054400.5950053
1.805 1699054400.689883
1.817 1699054400.801067
1.886 1699054400.8946567
1.83 1699054401.0011835
1.904 1699054401.0947108
1.814 1699054401.2046225
1.852 1699054401.299056
1.86 1699054401.411858
1.871 1699054401.5021822
1.884 1699054401.6122973
1.876 1699054401.7067938
2.317 1699054401.8165696
1.906 1699054401.9151258
1.909 1699054402.015843
1.817 1699054402.1100101
1.706 1699054402.2044184
1.72 1699054402.312553
1.683 1699054402.4142587
1.685 1699054402.516875
1.623 1699054402.6119423
1.405 1699054402.7062924
1.803 1699054402.8167949
1.8 1699054402.9113808
1.706 1699054403.0159438
1.729 1699054403.1102562
1.787 1699054403.210029
2.101 1699054403.305092
2.081 1699054403.400447
1.774 1699054403.5182757
1.821 1699054403.6129637
1.772 1699054403.7074995
1.697 1699054403.816666
1.703 1699054403.9109051
1.775 1699054404.0137901
1.784 1699054404.1087494
1.724 1699054404.2175953
1.698 1699054404.31258
1.794 1699054404.407031
1.808 1699054404.5192943
1.774 1699054404.610431
1.687 1699054404.7204735
1.681 1699054404.8152127
2.216 1699054404.9092932
1.797 1699054405.015836
1.8 1699054405.1128387
1.803 1699054405.2064085
1.684 1699054405.317178
1.634 1699054405.4122326
1.553 1699054405.5156837
1.639 1699054405.6122797
1.653 1699054405.7070813
1.67 1699054405.8175023
1.681 1699054405.9126463
1.668 1699054406.0171762
1.735 1699054406.112935
1.728 1699054406.2094133
1.665 1699054406.304075
1.626 1699054406.414318
1.708 1699054406.5169744
2.003 1699054406.6185737
1.713 1699054406.7104044
1.71 1699054406.8053203
1.716 1699054406.9157352
1.67 1699054407.0148509
1.731 1699054407.109235
1.738 1699054407.2130823
1.809 1699054407.3077245
1.734 1699054407.4173284
1.761 1699054407.5185292
1.81 1699054407.6122153
1.772 1699054407.7066348
1.638 1699054407.8093183
1.691 1699054407.9038975
1.652 1699054408.016694
2.13 1699054408.1124368
1.779 1699054408.2070422
1.708 1699054408.309246
1.73 1699054408.4034145
1.671 1699054408.5183809
1.729 1699054408.6126485
1.697 1699054408.7074845
1.769 1699054408.813069
1.736 1699054408.9077632
1.723 1699054409.016329
1.759 1699054409.1107075
1.93 1699054409.2056932
1.77 1699054409.3140707
1.784 1699054409.407836
1.795 1699054409.51669
1.816 1699054409.6111448
2.231 1699054409.7089577
1.82 1699054409.818237
1.824 1699054409.9099252
1.83 1699054410.0173976
1.845 1699054410.1115925
1.9 1699054410.2222528
1.806 1699054410.3172822
1.868 1699054410.4112327
1.763 1699054410.5144436
1.804 1699054410.6088622
1.816 1699054410.719413
1.874 1699054410.8137746
1.859 1699054410.9130595
1.882 1699054411.0155816
1.887 1699054411.109846
2.198 1699054411.2194378
1.861 1699054411.3137643
1.621 1699054411.4078395
1.651 1699054411.5154414
1.625 1699054411.6105838
1.649 1699054411.7204065
1.696 1699054411.8150945
1.673 1699054411.909641
1.594 1699054412.0208974
1.635 1699054412.1159947
1.775 1699054412.2105243
1.643 1699054412.3211577
1.644 1699054412.4158373
1.701 1699054412.5169592
1.573 1699054412.6277444
1.633 1699054412.72382
1.989 1699054412.8179307
1.684 1699054412.9128017
1.736 1699054413.0138586
1.701 1699054413.1237733
1.685 1699054413.219134
1.724 1699054413.3138664
1.714 1699054413.4234295
1.722 1699054413.5168066
1.722 1699054413.611179
1.801 1699054413.721339
1.741 1699054413.8160636
1.748 1699054413.9102407
1.717 1699054414.0162275
1.786 1699054414.1104562
1.717 1699054414.2203813
1.697 1699054414.3154986
2.165 1699054414.4252212
1.774 1699054414.516997
1.778 1699054414.6142075
1.708 1699054414.7234483
1.715 1699054414.8177228
1.706 1699054414.911834
1.812 1699054415.0174093
1.774 1699054415.111537
1.774 1699054415.2253652
1.77 1699054415.319883
1.7 1699054415.4138322
1.768 1699054415.5130827
1.77 1699054415.6232138
1.68 1699054415.7106178
1.737 1699054415.820874
1.781 1699054415.9150267
2.054 1699054416.016013
1.803 1699054416.1103435
1.804 1699054416.2130039
1.78 1699054416.3073316
1.696 1699054416.417338
1.715 1699054416.5180945
1.67 1699054416.6118138
1.802 1699054416.7218685
1.719 1699054416.8086412
1.676 1699054416.9179382
1.729 1699054417.017332
1.736 1699054417.1115649
1.808 1699054417.2214203
1.784 1699054417.3105342
1.71 1699054417.4093022
2.111 1699054417.5170174
1.779 1699054417.6109965
1.758 1699054417.721012
1.799 1699054417.8123362
1.668 1699054417.922512
1.652 1699054418.0150363
1.629 1699054418.109156
1.671 1699054418.2190077
1.555 1699054418.3135543
1.617 1699054418.407871
1.702 1699054418.5154054
1.657 1699054418.6095293
1.676 1699054418.7191882
1.67 1699054418.8133826
1.729 1699054418.910486
1.65 1699054419.0173748
1.995 1699054419.111554
1.702 1699054419.2222073
1.71 1699054419.316486
1.712 1699054419.4126143
1.819 1699054419.515052
1.92 1699054419.6241481
1.754 1699054419.7182117
1.926 1699054419.8123574
1.79 1699054419.913856
1.813 1699054420.0161338
1.819 1699054420.125659
1.88 1699054420.2199275
1.85 1699054420.3139799
1.851 1699054420.423369
1.868 1699054420.5145252
1.802 1699054420.6244986
2.22 1699054420.7185678
1.901 1699054420.8128047
1.844 1699054420.907669
1.844 1699054421.017853
1.809 1699054421.1114297
1.898 1699054421.2217093
1.836 1699054421.3157477
1.618 1699054421.4101489
1.739 1699054421.5129304
1.758 1699054421.62303
1.752 1699054421.7172213
1.676 1699054421.8119762
1.725 1699054421.9212222
1.681 1699054422.0176258
1.755 1699054422.1094172
1.818 1699054422.2191908
1.81 1699054422.3139005
1.723 1699054422.4235718
1.818 1699054422.517003
1.669 1699054422.6114976
1.781 1699054422.7216814
1.707 1699054422.8155556
1.772 1699054422.9096215
1.772 1699054423.014711
1.639 1699054423.1110542
1.794 1699054423.2060068
1.715 1699054423.316153
1.77 1699054423.4107935
1.792 1699054423.5195124
1.794 1699054423.6106231
1.803 1699054423.7083013
2.113 1699054423.8189785
1.784 1699054423.913189
1.786 1699054424.015127
1.763 1699054424.1091673
1.591 1699054424.2099845
1.656 1699054424.3203182
1.678 1699054424.4146025
1.604 1699054424.5162783
1.647 1699054424.62595
1.641 1699054424.7112157
1.724 1699054424.821513
1.647 1699054424.9159214
1.717 1699054425.0168817
1.684 1699054425.1104398
1.626 1699054425.2135026
1.683 1699054425.3231714
2.003 1699054425.4175305
1.913 1699054425.5163982
1.63 1699054425.6108057
1.728 1699054425.7216115
1.716 1699054425.808521
1.715 1699054425.9189773
1.727 1699054426.0165749
1.8 1699054426.1117544
1.747 1699054426.2210264
1.607 1699054426.3113503
1.791 1699054426.421059
1.755 1699054426.5166101
1.726 1699054426.6104257
1.759 1699054426.72121
1.789 1699054426.8117568
1.82 1699054426.9221559
2.25 1699054427.0143585
1.763 1699054427.109032
1.663 1699054427.2100184
1.675 1699054427.3203669
1.704 1699054427.4101899
1.778 1699054427.5148058
1.686 1699054427.6094737
1.763 1699054427.719897
1.664 1699054427.8145993
1.708 1699054427.9106987
1.761 1699054428.014586
1.76 1699054428.1091502
1.734 1699054428.2197976
1.724 1699054428.3135056
1.757 1699054428.4116735
2.049 1699054428.5126305
1.913 1699054428.6228695
1.727 1699054428.7170708
1.759 1699054428.8111846
1.764 1699054428.9219937
1.777 1699054429.0155108
1.788 1699054429.1095412
1.758 1699054429.22
1.685 1699054429.3142583
1.786 1699054429.4085662
1.797 1699054429.5166311
1.807 1699054429.6115973
1.815 1699054429.7220109
1.823 1699054429.817152
1.906 1699054429.911818
1.848 1699054430.0179067
2.285 1699054430.1126251
1.871 1699054430.2230043
1.903 1699054430.318007
1.859 1699054430.4127448
1.911 1699054430.5301023
1.78 1699054430.6238427
1.753 1699054430.7249577
1.727 1699054430.8196027
1.708 1699054430.915408
1.779 1699054431.0165312
1.799 1699054431.1243315
1.904 1699054431.2187996
1.8 1699054431.3135238
1.767 1699054431.423969
1.728 1699054431.5132203
1.712 1699054431.6260543
1.821 1699054431.7206612
1.814 1699054431.815152
1.753 1699054431.925188
1.795 1699054432.0162284
1.76 1699054432.128803
1.665 1699054432.222993
1.737 1699054432.3174405
1.778 1699054432.4270859
1.746 1699054432.5305066
1.721 1699054432.6319275
1.726 1699054432.7247367
1.77 1699054432.8352807
1.7 1699054432.929963
1.769 1699054433.0330658
1.823 1699054433.1279595
1.779 1699054433.2275977
2.076 1699054433.3224556
1.787 1699054433.4274356
1.647 1699054433.5310526
1.664 1699054433.6253045
1.664 1699054433.7264714
1.776 1699054433.8212368
1.778 1699054433.931581
1.799 1699054434.0316842
1.775 1699054434.126431
1.783 1699054434.2297745
1.736 1699054434.324466
1.719 1699054434.4349349
1.695 1699054434.5329719
1.699 1699054434.6271179
1.693 1699054434.721518
2.092 1699054434.830515
1.917 1699054434.9250746
1.769 1699054435.0315325
1.774 1699054435.1257186
1.797 1699054435.2357674
1.704 1699054435.3262467
1.752 1699054435.4206827
1.815 1699054435.532869
1.792 1699054435.6316433
1.783 1699054435.721471
1.713 1699054435.827966
1.788 1699054435.9231756
1.737 1699054436.0279055
1.654 1699054436.1224453
1.737 1699054436.2170117
1.782 1699054436.3266387
2.244 1699054436.4245427
1.728 1699054436.5305746
1.646 1699054436.6246026
1.668 1699054436.7200046
1.626 1699054436.817638
1.693 1699054436.926948
1.599 1699054437.0183573
1.639 1699054437.126011
1.689 1699054437.2207267
1.658 1699054437.3305798
1.593 1699054437.427595
1.732 1699054437.531812
1.639 1699054437.6259236
1.6 1699054437.7359734
1.712 1699054437.8301718
1.705 1699054437.9296854
1.974 1699054438.0296094
1.689 1699054438.1239343
1.697 1699054438.2340539
1.692 1699054438.3284914
1.706 1699054438.4225829
1.711 1699054438.5269456
1.721 1699054438.6226063
1.72 1699054438.7323554
1.733 1699054438.8264213
1.734 1699054438.9233232
1.745 1699054439.0316544
1.806 1699054439.126068
2.033 1699054439.235951
1.792 1699054439.3303347
1.8 1699054439.4248946
2.206 1699054439.5300004
1.831 1699054439.6257355
1.885 1699054439.734294
1.849 1699054439.8288448
1.856 1699054439.9266193
1.881 1699054440.031929
1.909 1699054440.126582
1.839 1699054440.226415
1.905 1699054440.3317988
1.897 1699054440.4269238
1.878 1699054440.5307643
1.91 1699054440.6284294
1.794 1699054440.7277381
1.859 1699054440.8338406
1.816 1699054440.92776
1.827 1699054441.0277824
2.348 1699054441.1279225
1.908 1699054441.22801
1.74 1699054441.3280199
1.784 1699054441.4280903
1.665 1699054441.531599
1.867 1699054441.6282237
1.753 1699054441.7285295
1.724 1699054441.8355103
1.784 1699054441.9313204
1.73 1699054442.0325596
1.722 1699054442.1295252
1.808 1699054442.2295926
1.73 1699054442.3300078
1.713 1699054442.4319675
1.716 1699054442.5324
1.815 1699054442.6304705
2.163 1699054442.7308412
1.696 1699054442.8380778
1.727 1699054442.9329064
1.787 1699054443.0330038
1.772 1699054443.1316044
1.718 1699054443.231552
1.752 1699054443.339632
1.633 1699054443.434806
1.712 1699054443.5319948
1.718 1699054443.63225
1.691 1699054443.7373874
1.623 1699054443.832309
1.628 1699054443.935331
1.692 1699054444.0321465
1.676 1699054444.1325355
