2.025 1699054668.7611287
2.075 1699054668.8560064
2.288 1699054668.9513783
1.861 1699054669.0570855
1.829 1699054669.1542985
1.889 1699054669.2641985
1.861 1699054669.3584745
1.883 1699054669.4689043
1.899 1699054669.5561764
1.915 1699054669.6656845
1.865 1699054669.7601085
1.924 1699054669.8699312
1.871 1699054669.9641535
1.785 1699054670.072274
1.968 1699054670.1706443
2.368 1699054670.2647638
1.812 1699054670.3745985
1.859 1699054670.4689567
1.876 1699054670.5725281
1.778 1699054670.682442
1.73 1699054670.7773826
1.684 1699054670.871737
1.704 1699054670.981046
1.626 1699054671.085234
1.656 1699054671.1801484
1.681 1699054671.274721
1.581 1699054671.3856091
1.803 1699054671.479694
1.699 1699054671.584883
1.592 1699054671.6789422
1.801 1699054671.788186
2.053 1699054671.8823073
1.756 1699054671.9919884
1.75 1699054672.0888083
1.744 1699054672.1973023
1.701 1699054672.291632
1.788 1699054672.401067
1.78 1699054672.4952307
1.719 1699054672.5894191
1.773 1699054672.6997952
1.789 1699054672.7939441
1.75 1699054672.888534
1.795 1699054672.998362
1.823 1699054673.0875406
1.679 1699054673.2004032
1.814 1699054673.2946012
2.057 1699054673.3888805
1.756 1699054673.4989069
1.676 1699054673.585924
1.65 1699054673.7003834
1.799 1699054673.7946405
1.719 1699054673.8887243
1.747 1699054673.998514
1.735 1699054674.085646
1.752 1699054674.19575
1.782 1699054674.298546
1.771 1699054674.3930552
1.777 1699054674.4876451
1.717 1699054674.5863492
1.797 1699054674.6969304
1.792 1699054674.7997563
2.089 1699054674.8939736
1.927 1699054674.9885304
1.754 1699054675.0894341
1.755 1699054675.1997685
1.78 1699054675.3019838
1.788 1699054675.3966246
1.789 1699054675.4908154
1.762 1699054675.5880845
1.764 1699054675.6979342
1.728 1699054675.7920551
1.794 1699054675.8986082
1.731 1699054675.9936275
1.797 1699054676.0889165
1.698 1699054676.1995816
1.733 1699054676.2931602
1.792 1699054676.3981583
2.217 1699054676.49221
1.748 1699054676.5851376
1.702 1699054676.6954954
1.776 1699054676.789702
1.694 1699054676.90182
1.587 1699054676.9993129
1.687 1699054677.088266
1.633 1699054677.2015805
1.725 1699054677.29256
1.66 1699054677.4028134
1.7 1699054677.4993935
1.644 1699054677.6031752
1.603 1699054677.6970599
1.632 1699054677.7913227
1.679 1699054677.9009655
1.718 1699054678.0034223
2.078 1699054678.1008358
1.664 1699054678.195671
1.706 1699054678.290833
1.702 1699054678.4014156
1.706 1699054678.499975
1.717 1699054678.5878246
1.717 1699054678.6973326
1.721 1699054678.7920308
1.686 1699054678.8864946
1.728 1699054679.0006456
1.731 1699054679.0999174
1.717 1699054679.1941967
1.714 1699054679.2887442
1.693 1699054679.3983073
1.814 1699054679.4931126
2.132 1699054679.5890338
1.932 1699054679.6987238
1.773 1699054679.7929554
1.724 1699054679.887844
1.814 1699054679.9975464
1.786 1699054680.098506
1.783 1699054680.1925519
1.791 1699054680.28738
1.71 1699054680.3978813
1.799 1699054680.4918473
1.724 1699054680.6018286
1.802 1699054680.696964
1.805 1699054680.7917056
1.792 1699054680.9012716
1.794 1699054680.9960916
1.811 1699054681.102637
2.27 1699054681.198401
1.796 1699054681.2938747
1.751 1699054681.3889093
1.773 1699054681.4983692
1.816 1699054681.586583
1.777 1699054681.6988368
1.791 1699054681.793936
1.776 1699054681.888841
1.826 1699054681.998796
1.827 1699054682.1029782
1.783 1699054682.2012365
1.756 1699054682.2961051
1.712 1699054682.39099
1.778 1699054682.5005496
1.797 1699054682.6025891
2.048 1699054682.696845
1.816 1699054682.7973163
1.795 1699054682.891784
1.786 1699054683.0019622
1.706 1699054683.087901
1.752 1699054683.1979039
1.696 1699054683.298986
1.758 1699054683.3932467
1.745 1699054683.488089
1.658 1699054683.5895312
1.675 1699054683.6994286
1.663 1699054683.8005376
1.676 1699054683.8953118
1.641 1699054683.9894376
1.577 1699054684.08572
1.745 1699054684.1963427
1.944 1699054684.301528
1.738 1699054684.3961284
1.74 1699054684.49184
1.739 1699054684.5889325
1.741 1699054684.6995032
1.79 1699054684.7938776
1.748 1699054684.8985403
1.747 1699054684.9931204
1.752 1699054685.0884306
1.765 1699054685.1987705
1.77 1699054685.2929604
1.813 1699054685.3999152
1.783 1699054685.495091
1.72 1699054685.5883026
1.78 1699054685.6979916
1.783 1699054685.7927284
2.112 1699054685.9022398
1.805 1699054685.9953537
1.806 1699054686.0873368
1.808 1699054686.1971104
1.824 1699054686.2915864
1.824 1699054686.4015694
1.666 1699054686.4990613
1.657 1699054686.5858548
1.764 1699054686.6962972
1.771 1699054686.7908785
1.73 1699054686.8857586
1.678 1699054686.997816
1.737 1699054687.1022143
1.788 1699054687.1978235
1.699 1699054687.2975652
1.818 1699054687.4026062
2.279 1699054687.500857
1.795 1699054687.6016567
1.77 1699054687.696498
1.791 1699054687.7913368
1.771 1699054687.9021606
1.81 1699054687.996613
1.8 1699054688.0887892
1.768 1699054688.1987364
1.812 1699054688.2976727
1.74 1699054688.4000907
1.775 1699054688.494299
1.806 1699054688.602755
1.72 1699054688.697254
1.799 1699054688.8001683
1.808 1699054688.894314
1.838 1699054688.9892151
1.821 1699054689.0991225
1.672 1699054689.1942706
1.703 1699054689.2894986
1.744 1699054689.4001145
1.652 1699054689.4952693
1.652 1699054689.6013103
1.56 1699054689.6962306
1.617 1699054689.7909875
1.549 1699054689.8871415
1.615 1699054689.9962153
1.669 1699054690.090196
1.615 1699054690.1987667
1.692 1699054690.2930565
1.61 1699054690.3889675
1.628 1699054690.497115
1.959 1699054690.6028764
1.854 1699054690.6990907
1.7 1699054690.793389
1.681 1699054690.8903117
1.734 1699054690.9975698
1.688 1699054691.102543
1.679 1699054691.2018745
1.704 1699054691.295999
1.716 1699054691.3917947
1.712 1699054691.5011723
1.728 1699054691.6014478
1.708 1699054691.696335
1.734 1699054691.795936
1.799 1699054691.8929615
1.689 1699054691.9929519
1.8 1699054692.093838
2.217 1699054692.1948936
1.782 1699054692.2989962
1.696 1699054692.3943865
1.76 1699054692.4937801
1.758 1699054692.6028118
1.772 1699054692.6972058
1.793 1699054692.800463
1.8 1699054692.8946393
1.802 1699054692.9949183
1.74 1699054693.1036634
1.688 1699054693.198432
1.717 1699054693.2956023
1.758 1699054693.3970566
1.751 1699054693.4962826
1.757 1699054693.6030889
1.903 1699054693.6970122
2.055 1699054693.796927
1.769 1699054693.8995342
1.692 1699054693.9973037
1.799 1699054694.0973535
1.702 1699054694.197368
1.799 1699054694.297312
1.764 1699054694.399609
1.712 1699054694.4980624
1.701 1699054694.598212
1.727 1699054694.6981943
1.699 1699054694.798337
1.786 1699054694.9019532
1.777 1699054694.9989002
1.673 1699054695.0991158
1.766 1699054695.1995091
2.092 1699054695.299833
1.772 1699054695.3999867
1.776 1699054695.5001616
1.785 1699054695.600045
1.704 1699054695.7000382
1.571 1699054695.8003755
1.603 1699054695.9003143
1.675 1699054696.000721
1.674 1699054696.101133
1.702 1699054696.2010522
1.7 1699054696.3013468
1.685 1699054696.4026847
1.62 1699054696.5018177
1.654 1699054696.6021247
1.614 1699054696.6970012
1.728 1699054696.7920794
2.046 1699054696.8868108
1.72 1699054696.9969466
1.719 1699054697.0853872
1.602 1699054697.1960802
1.71 1699054697.290588
1.724 1699054697.400958
1.715 1699054697.4956534
1.824 1699054697.601109
1.746 1699054697.6952703
1.75 1699054697.795853
1.755 1699054697.8903234
1.759 1699054698.00093
1.805 1699054698.1014707
1.784 1699054698.1953287
1.65 1699054698.2897925
1.757 1699054698.4001355
2.188 1699054698.4943197
1.781 1699054698.5894365
1.801 1699054698.6964421
1.692 1699054698.7914364
1.787 1699054698.9011903
1.792 1699054698.9958847
1.804 1699054699.1004906
1.761 1699054699.1971786
1.732 1699054699.292281
1.725 1699054699.3871307
1.755 1699054699.4992924
1.793 1699054699.5992393
1.782 1699054699.6985176
1.659 1699054699.792773
1.766 1699054699.8872075
1.794 1699054699.9973485
1.782 1699054700.087254
1.733 1699054700.2016845
1.775 1699054700.2962759
1.644 1699054700.3900461
1.705 1699054700.499357
1.772 1699054700.5864835
1.783 1699054700.6961823
1.725 1699054700.7978873
1.808 1699054700.893416
1.688 1699054700.9879463
1.734 1699054701.0885665
1.712 1699054701.198752
1.765 1699054701.2991407
1.7 1699054701.3929105
1.771 1699054701.4873657
2.206 1699054701.5876818
1.777 1699054701.6980865
1.733 1699054701.8003278
1.704 1699054701.8987389
1.665 1699054701.99894
1.706 1699054702.100252
1.698 1699054702.1940725
1.64 1699054702.2890005
1.614 1699054702.395734
1.557 1699054702.4930248
1.685 1699054702.5864773
1.603 1699054702.696817
1.667 1699054702.79196
1.633 1699054702.8993826
1.682 1699054702.9946806
1.65 1699054703.0875921
2.028 1699054703.1980805
1.69 1699054703.2928977
1.696 1699054703.4004304
1.7 1699054703.4950094
1.822 1699054703.5870118
1.687 1699054703.6965163
1.736 1699054703.7911227
1.701 1699054703.9003608
1.663 1699054703.9963968
1.734 1699054704.1012113
1.739 1699054704.1951678
1.75 1699054704.2897606
1.654 1699054704.4000087
1.703 1699054704.4968731
1.823 1699054704.5988224
1.73 1699054704.6935875
2.31 1699054704.7884922
1.802 1699054704.8988369
1.719 1699054705.0009143
1.786 1699054705.0869846
1.607 1699054705.196828
1.705 1699054705.2914493
1.726 1699054705.4017286
1.777 1699054705.5012522
1.77 1699054705.6014097
1.709 1699054705.6954381
1.771 1699054705.7903762
1.773 1699054705.900815
1.726 1699054705.9950137
1.64 1699054706.1039085
1.726 1699054706.1984382
2.056 1699054706.2934978
1.766 1699054706.4036288
1.732 1699054706.4989312
1.763 1699054706.5979261
1.698 1699054706.6928034
1.774 1699054706.8029473
1.736 1699054706.8976722
1.786 1699054706.9915113
1.717 1699054707.1002665
1.777 1699054707.1949203
1.818 1699054707.2896342
1.758 1699054707.4001167
1.777 1699054707.4987004
1.778 1699054707.6010046
1.784 1699054707.6970713
1.807 1699054707.791511
2.1 1699054707.9013002
1.786 1699054707.9953408
1.753 1699054708.1024768
1.73 1699054708.1992455
1.711 1699054708.2940907
1.635 1699054708.3897727
1.627 1699054708.499196
1.607 1699054708.5867248
1.693 1699054708.6995883
1.727 1699054708.7948892
1.601 1699054708.8982716
1.693 1699054708.9930484
1.65 1699054709.0875463
1.603 1699054709.1980627
1.73 1699054709.295889
1.719 1699054709.3902068
2.032 1699054709.5002248
1.708 1699054709.598915
1.733 1699054709.6939478
1.709 1699054709.7962675
1.705 1699054709.8912861
1.717 1699054709.9853961
1.725 1699054710.086591
1.806 1699054710.1994803
1.741 1699054710.2999792
1.742 1699054710.394147
1.759 1699054710.4886086
1.726 1699054710.5879583
1.768 1699054710.6976714
1.819 1699054710.8007452
1.72 1699054710.8949687
1.783 1699054710.9891968
2.306 1699054711.0880609
1.697 1699054711.1981773
1.722 1699054711.2924948
1.72 1699054711.3982804
1.81 1699054711.4921024
1.686 1699054711.6018808
1.75 1699054711.6957889
1.657 1699054711.79013
1.687 1699054711.90052
1.639 1699054711.9947176
1.767 1699054712.086884
1.806 1699054712.1968358
1.607 1699054712.2915604
1.679 1699054712.399491
1.649 1699054712.494354
1.75 1699054712.5844615
1.943 1699054712.695061
1.733 1699054712.7902133
1.712 1699054712.9008796
1.724 1699054712.9957895
1.686 1699054713.0866857
1.722 1699054713.1962147
1.738 1699054713.292352
1.817 1699054713.400646
1.74 1699054713.4979303
1.798 1699054713.587038
1.756 1699054713.6970487
1.701 1699054713.7914326
1.771 1699054713.9011784
1.8 1699054713.9993014
1.774 1699054714.0994744
2.226 1699054714.1936839
1.792 1699054714.2880757
1.762 1699054714.398225
1.727 1699054714.4928238
1.785 1699054714.5870776
1.691 1699054714.6974213
1.698 1699054714.7914612
1.658 1699054714.885329
1.655 1699054714.997486
1.626 1699054715.098149
1.622 1699054715.1929116
1.666 1699054715.2869353
1.653 1699054715.397046
1.702 1699054715.4912446
1.639 1699054715.5898104
1.681 1699054715.6988719
1.923 1699054715.7930455
1.736 1699054715.8872356
1.734 1699054715.9971428
1.701 1699054716.086747
1.701 1699054716.1962652
1.704 1699054716.290545
1.635 1699054716.4002469
1.633 1699054716.495288
1.699 1699054716.5866427
1.732 1699054716.6984956
1.73 1699054716.7928803
1.678 1699054716.88769
1.695 1699054716.9973137
1.723 1699054717.0860114
1.73 1699054717.198864
1.734 1699054717.2931747
2.103 1699054717.3874605
1.736 1699054717.4973717
1.688 1699054717.5978146
1.743 1699054717.6996696
1.69 1699054717.7941852
1.747 1699054717.888457
1.706 1699054717.9981024
1.817 1699054718.086499
1.727 1699054718.195982
1.765 1699054718.2970357
1.796 1699054718.394693
1.649 1699054718.4888256
1.771 1699054718.5860233
1.783 1699054718.6957726
1.727 1699054718.7984774
1.785 1699054718.8927464
1.817 1699054718.9867983
1.781 1699054719.0876985
1.683 1699054719.197314
1.657 1699054719.299551
1.682 1699054719.394992
1.781 1699054719.4883661
1.757 1699054719.586879
1.753 1699054719.6965654
1.755 1699054719.7909122
1.709 1699054719.8945398
1.67 1699054719.9931679
1.751 1699054720.0985687
1.708 1699054720.1927736
1.746 1699054720.287399
1.748 1699054720.397909
2.186 1699054720.497398
1.802 1699054720.586977
1.786 1699054720.696838
1.808 1699054720.791153
1.658 1699054720.900353
1.693 1699054720.9943562
1.766 1699054721.0868754
1.65 1699054721.1964586
1.697 1699054721.2913322
1.683 1699054721.4015284
1.692 1699054721.4978971
1.583 1699054721.5859137
1.682 1699054721.6952624
1.596 1699054721.7901518
1.613 1699054721.9002945
1.729 1699054721.9971583
1.946 1699054722.1006186
1.717 1699054722.1946974
1.717 1699054722.2987618
1.656 1699054722.3927345
1.713 1699054722.4977326
1.718 1699054722.5982058
1.72 1699054722.692933
1.728 1699054722.7875586
1.733 1699054722.8974385
1.737 1699054722.999904
1.664 1699054723.099165
1.718 1699054723.1940224
1.666 1699054723.2888076
1.659 1699054723.3996344
1.72 1699054723.4942317
1.766 1699054723.5866404
1.767 1699054723.6964664
1.733 1699054723.7913594
1.733 1699054723.901707
1.812 1699054723.9960485
1.779 1699054724.0861108
1.789 1699054724.1960576
1.722 1699054724.2905316
1.691 1699054724.40016
1.812 1699054724.494844
1.781 1699054724.5996902
1.77 1699054724.6940062
1.767 1699054724.7883773
1.708 1699054724.8988302
1.665 1699054724.9985065
1.694 1699054725.0987718
2.089 1699054725.1947467
1.774 1699054725.2978697
1.728 1699054725.3924448
1.77 1699054725.486198
1.679 1699054725.5870697
1.679 1699054725.6970985
1.789 1699054725.7916465
1.706 1699054725.9018903
1.7 1699054725.9959183
1.756 1699054726.0975463
1.735 1699054726.199548
1.662 1699054726.2938652
1.798 1699054726.3887126
1.809 1699054726.498446
1.679 1699054726.5999734
1.76 1699054726.700363
2.241 1699054726.7945275
1.762 1699054726.889288
1.763 1699054726.9998474
1.82 1699054727.1002316
1.684 1699054727.1943557
1.558 1699054727.2962642
1.59 1699054727.390717
1.642 1699054727.4980347
1.667 1699054727.5984402
1.667 1699054727.6928205
1.615 1699054727.7977092
1.724 1699054727.8922472
1.66 1699054727.987096
1.629 1699054728.0855546
1.701 1699054728.19539
1.688 1699054728.3004923
2.023 1699054728.3967903
1.693 1699054728.4911451
1.694 1699054728.599646
1.73 1699054728.6946912
