2.647 1701038890.347945
2.636 1701038890.4445596
2.577 1701038890.5429177
2.503 1701038890.6403658
2.555 1701038890.73549
2.59 1701038890.8349316
2.573 1701038890.9327555
2.551 1701038891.0328302
2.555 1701038891.128146
2.569 1701038891.2234392
2.509 1701038891.3300538
2.581 1701038891.4299173
2.581 1701038891.5246103
2.585 1701038891.6237745
2.54 1701038891.7249985
2.576 1701038891.8248842
2.569 1701038891.923011
2.562 1701038892.0237293
2.56 1701038892.1229045
2.604 1701038892.2208686
2.602 1701038892.3188577
2.574 1701038892.4179542
2.569 1701038892.5146496
2.577 1701038892.6152034
2.583 1701038892.715271
2.59 1701038892.813859
2.596 1701038892.915341
2.608 1701038893.0144212
2.553 1701038893.1151168
2.574 1701038893.2146478
2.616 1701038893.3134294
2.54 1701038893.414662
2.47 1701038893.5157833
2.5 1701038893.6157782
2.556 1701038893.715901
2.602 1701038893.815057
2.6 1701038893.914831
2.546 1701038894.01459
2.597 1701038894.1148574
2.572 1701038894.2151134
2.495 1701038894.3155541
2.499 1701038894.4137855
2.578 1701038894.5144691
2.517 1701038894.6143486
2.459 1701038894.7158895
2.518 1701038894.8149617
2.535 1701038894.9137933
2.536 1701038895.0138922
2.541 1701038895.1149213
2.549 1701038895.2144225
2.573 1701038895.315535
2.546 1701038895.414833
2.583 1701038895.514578
2.555 1701038895.613491
2.499 1701038895.7145813
2.557 1701038895.815013
2.606 1701038895.9152918
2.571 1701038896.0136538
2.554 1701038896.1150713
2.567 1701038896.214384
2.583 1701038896.3143606
2.59 1701038896.4150229
2.593 1701038896.5135493
2.596 1701038896.6138542
2.606 1701038896.714864
2.605 1701038896.8145828
2.602 1701038896.914301
2.609 1701038897.0152357
2.612 1701038897.1150603
2.608 1701038897.2162843
2.595 1701038897.315065
2.615 1701038897.4147723
2.618 1701038897.5151622
2.619 1701038897.6142116
2.623 1701038897.7148774
2.67 1701038897.8143153
2.6 1701038897.9146225
2.554 1701038898.014596
2.624 1701038898.113422
2.625 1701038898.213485
2.626 1701038898.3154907
2.681 1701038898.4147866
2.486 1701038898.5142646
2.595 1701038898.615482
2.583 1701038898.7150083
2.615 1701038898.8154035
2.586 1701038898.9146369
2.562 1701038899.0148156
2.606 1701038899.1146824
2.602 1701038899.2134254
2.61 1701038899.3155453
2.493 1701038899.4141695
2.562 1701038899.5158396
2.553 1701038899.6153073
2.594 1701038899.7152271
2.594 1701038899.815247
2.576 1701038899.9160483
2.578 1701038900.0148182
2.603 1701038900.1141253
2.563 1701038900.2145731
2.568 1701038900.309782
2.59 1701038900.4048991
2.597 1701038900.503792
2.601 1701038900.6038616
2.607 1701038900.7048635
2.579 1701038900.8034217
2.603 1701038900.9029715
2.612 1701038900.993582
2.616 1701038901.0934882
2.624 1701038901.1991076
2.631 1701038901.296278
2.631 1701038901.3992124
2.678 1701038901.4949315
2.595 1701038901.5955865
2.663 1701038901.6976192
2.645 1701038901.7986274
2.667 1701038901.897436
2.65 1701038901.9974232
2.647 1701038902.098528
2.603 1701038902.1983528
2.498 1701038902.2982948
2.543 1701038902.3973641
2.516 1701038902.4946842
2.54 1701038902.5977392
2.539 1701038902.6976786
2.494 1701038902.7951932
2.514 1701038902.8946285
2.595 1701038902.9938698
2.58 1701038903.0945551
2.576 1701038903.1948795
2.579 1701038903.2938874
2.578 1701038903.3948903
2.58 1701038903.4926682
2.588 1701038903.5848827
2.55 1701038903.6845257
2.604 1701038903.783779
2.545 1701038903.883664
2.602 1701038903.9812407
2.599 1701038904.0749369
2.564 1701038904.1750429
2.601 1701038904.272789
2.579 1701038904.3636456
2.559 1701038904.463654
2.613 1701038904.564985
2.551 1701038904.6579416
2.617 1701038904.7551963
2.611 1701038904.8538656
2.565 1701038904.9526541
2.607 1701038905.046955
2.601 1701038905.1470027
2.611 1701038905.245125
2.598 1701038905.3407788
2.617 1701038905.4350057
2.62 1701038905.5337903
2.626 1701038905.6328728
2.598 1701038905.7282043
2.639 1701038905.8265748
2.639 1701038905.9249809
2.648 1701038906.0234933
2.657 1701038906.1247523
2.655 1701038906.2246854
2.678 1701038906.3227587
2.662 1701038906.415584
2.664 1701038906.5136287
2.547 1701038906.6168644
2.587 1701038906.7149637
2.669 1701038906.8159115
2.652 1701038906.9150162
2.648 1701038907.0147414
2.654 1701038907.1138327
2.652 1701038907.2135012
2.482 1701038907.3148005
2.57 1701038907.4137704
2.628 1701038907.513851
2.493 1701038907.6148486
2.492 1701038907.713849
2.592 1701038907.8136494
2.598 1701038907.9150202
2.539 1701038908.0145984
2.582 1701038908.1138175
2.54 1701038908.2149055
2.581 1701038908.3148077
2.603 1701038908.4136302
2.579 1701038908.5148804
2.577 1701038908.6149642
2.578 1701038908.7137785
2.584 1701038908.8135788
2.594 1701038908.9150293
2.445 1701038909.0137997
2.584 1701038909.113621
2.598 1701038909.215323
2.61 1701038909.314171
2.615 1701038909.4135554
2.618 1701038909.5149875
2.63 1701038909.6147096
2.692 1701038909.7134917
2.693 1701038909.8150818
2.601 1701038909.9150918
2.651 1701038910.0137699
2.58 1701038910.1151896
2.644 1701038910.214922
2.656 1701038910.3137317
2.678 1701038910.4138544
2.644 1701038910.514785
2.654 1701038910.6141717
2.656 1701038910.714229
2.651 1701038910.8362496
2.599 1701038910.9338043
2.601 1701038911.0334523
2.599 1701038911.1234615
2.622 1701038911.2237573
2.622 1701038911.3251305
2.621 1701038911.424504
2.622 1701038911.523824
2.531 1701038911.6249423
2.614 1701038911.7229652
2.614 1701038911.8177633
2.614 1701038911.916912
2.61 1701038912.0165114
2.521 1701038912.1167133
2.57 1701038912.2168193
2.581 1701038912.3135545
2.584 1701038912.414998
2.472 1701038912.5137587
2.593 1701038912.6134846
2.594 1701038912.714808
2.59 1701038912.815023
2.584 1701038912.914163
2.588 1701038913.0151157
2.583 1701038913.1151886
2.589 1701038913.2134907
2.606 1701038913.313648
2.593 1701038913.4153397
2.585 1701038913.5136716
2.548 1701038913.6149366
2.59 1701038913.7150555
2.437 1701038913.8136246
2.569 1701038913.9148118
2.545 1701038914.0160282
2.54 1701038914.1137831
2.577 1701038914.2138786
2.566 1701038914.315108
2.58 1701038914.4150553
2.512 1701038914.513626
2.591 1701038914.6148672
2.576 1701038914.7134635
2.571 1701038914.8092885
2.591 1701038914.9084232
2.595 1701038915.0037806
2.565 1701038915.1046436
2.498 1701038915.2066593
2.575 1701038915.3036468
2.576 1701038915.4037054
2.58 1701038915.502785
2.562 1701038915.597284
2.574 1701038915.6973484
2.583 1701038915.7975373
2.591 1701038915.8974535
2.591 1701038915.9973023
2.607 1701038916.094211
2.691 1701038916.196622
2.615 1701038916.2954443
2.621 1701038916.393779
2.685 1701038916.49283
2.629 1701038916.5838323
2.635 1701038916.685785
2.644 1701038916.7850685
2.646 1701038916.8953495
2.648 1701038916.9934828
2.545 1701038917.093639
2.528 1701038917.1838198
2.553 1701038917.2888098
2.595 1701038917.3849046
2.583 1701038917.4836361
2.506 1701038917.579845
2.559 1701038917.6761456
2.546 1701038917.773542
2.588 1701038917.8685462
2.589 1701038917.9685624
2.587 1701038918.0655005
2.584 1701038918.1642084
2.567 1701038918.2553263
2.591 1701038918.3587615
2.58 1701038918.4551878
2.581 1701038918.5528069
2.585 1701038918.6491065
2.594 1701038918.7471168
2.603 1701038918.8464713
2.548 1701038918.9438174
2.583 1701038919.033515
2.599 1701038919.1349308
2.574 1701038919.2335515
2.542 1701038919.3342597
2.612 1701038919.4312217
2.455 1701038919.5238223
2.455 1701038919.6272144
2.564 1701038919.7238142
2.599 1701038919.823516
2.595 1701038919.9234912
2.605 1701038920.023552
2.604 1701038920.1226535
2.691 1701038920.2139742
2.609 1701038920.3138113
2.607 1701038920.4147527
2.603 1701038920.5139067
2.607 1701038920.6154583
2.609 1701038920.714656
2.611 1701038920.8147566
2.616 1701038920.913867
2.622 1701038921.0143278
2.624 1701038921.1142144
2.636 1701038921.2139723
2.687 1701038921.3066204
2.597 1701038921.409532
2.671 1701038921.5052998
2.581 1701038921.6074333
2.57 1701038921.7035031
2.631 1701038921.8037772
2.63 1701038921.903892
2.629 1701038922.002768
2.57 1701038922.1028109
2.598 1701038922.2027614
2.624 1701038922.297116
2.624 1701038922.3970382
2.628 1701038922.49706
2.676 1701038922.5963511
2.692 1701038922.6962829
2.632 1701038922.7935352
2.627 1701038922.8927524
2.601 1701038922.9885533
2.589 1701038923.0848072
2.533 1701038923.1844788
2.623 1701038923.2837934
2.627 1701038923.3803399
2.517 1701038923.4735157
2.631 1701038923.5758939
2.64 1701038923.6727207
2.688 1701038923.7713752
2.676 1701038923.8642666
2.649 1701038923.9634628
2.661 1701038924.0640173
2.693 1701038924.160112
2.641 1701038924.2551286
2.576 1701038924.3534343
2.527 1701038924.4530396
2.635 1701038924.5477836
2.564 1701038924.6473181
2.638 1701038924.7450702
2.576 1701038924.8401847
2.631 1701038924.936533
2.691 1701038925.0335736
2.595 1701038925.1329918
2.687 1701038925.2303774
2.63 1701038925.3295908
2.63 1701038925.424904
2.548 1701038925.5244136
2.623 1701038925.6234457
2.598 1701038925.7236586
2.542 1701038925.823005
2.557 1701038925.915326
2.599 1701038926.0138483
2.467 1701038926.1150303
2.562 1701038926.2161176
2.528 1701038926.3139553
2.584 1701038926.4134898
2.488 1701038926.5145802
2.589 1701038926.6135774
2.587 1701038926.713421
2.588 1701038926.8106272
2.59 1701038926.9096572
2.602 1701038927.0093126
2.565 1701038927.1073744
2.583 1701038927.2038546
2.585 1701038927.3054264
2.585 1701038927.4034398
2.588 1701038927.5034993
2.568 1701038927.5981305
2.599 1701038927.697063
2.532 1701038927.7970471
2.555 1701038927.896912
2.567 1701038927.9969146
2.586 1701038928.0974014
2.594 1701038928.1968646
2.593 1701038928.2962868
2.583 1701038928.3944883
2.594 1701038928.4926958
2.6 1701038928.584559
2.604 1701038928.6887803
2.607 1701038928.7835684
2.611 1701038928.8838475
2.622 1701038928.9802606
2.629 1701038929.074986
2.631 1701038929.1737292
2.631 1701038929.2653947
2.604 1701038929.3675108
2.603 1701038929.4638925
2.585 1701038929.5635848
2.662 1701038929.6545677
2.6 1701038929.7571428
2.583 1701038929.8538508
2.601 1701038929.9472764
2.54 1701038930.0468686
2.573 1701038930.1460059
2.56 1701038930.2435071
2.619 1701038930.3348818
2.615 1701038930.4338737
2.61 1701038930.5338151
2.596 1701038930.6336768
2.584 1701038930.7300155
2.602 1701038930.8292978
2.602 1701038930.9293075
2.576 1701038931.0293236
2.576 1701038931.1247103
2.604 1701038931.2239091
2.602 1701038931.3236744
2.603 1701038931.4228752
2.611 1701038931.5165534
2.612 1701038931.6177447
2.623 1701038931.7177052
2.631 1701038931.8133967
2.674 1701038931.9152436
2.639 1701038932.0138624
2.567 1701038932.1047983
2.634 1701038932.2096722
2.588 1701038932.305479
2.664 1701038932.4047594
2.637 1701038932.503519
2.595 1701038932.6044087
2.522 1701038932.7049046
2.564 1701038932.805303
2.574 1701038932.9036818
2.512 1701038933.0027244
2.613 1701038933.0987823
2.57 1701038933.1992064
2.606 1701038933.298291
2.537 1701038933.3966918
2.592 1701038933.4960742
2.594 1701038933.5961237
2.597 1701038933.6966307
2.591 1701038933.7985866
2.587 1701038933.8960721
2.578 1701038933.9963655
2.549 1701038934.0951207
2.567 1701038934.194595
2.569 1701038934.2935317
2.591 1701038934.3935685
2.566 1701038934.4945567
2.571 1701038934.5938003
2.585 1701038934.6947255
2.579 1701038934.794548
2.558 1701038934.8949597
2.573 1701038934.9961581
2.572 1701038935.094599
2.515 1701038935.1946182
2.597 1701038935.2967353
2.565 1701038935.3949335
2.567 1701038935.4961262
2.571 1701038935.5934138
2.575 1701038935.6936076
2.553 1701038935.795132
2.575 1701038935.893811
2.506 1701038935.993656
2.554 1701038936.0946136
2.579 1701038936.1939216
2.572 1701038936.2963033
2.584 1701038936.3950243
2.566 1701038936.4949548
2.571 1701038936.593831
2.571 1701038936.6938488
2.573 1701038936.7926311
2.568 1701038936.8850257
2.602 1701038936.9873664
2.587 1701038937.0842369
2.574 1701038937.1834328
2.576 1701038937.2734997
2.579 1701038937.3768578
2.565 1701038937.4738383
2.57 1701038937.5704334
2.588 1701038937.6635966
2.537 1701038937.7683585
2.586 1701038937.8657043
2.588 1701038937.9634607
2.416 1701038938.0599353
2.603 1701038938.1542134
2.582 1701038938.2537794
2.558 1701038938.3456516
2.584 1701038938.445657
2.582 1701038938.546731
2.607 1701038938.6446278
2.517 1701038938.7349124
2.581 1701038938.834048
2.581 1701038938.9365847
2.311 1701038939.0350275
2.571 1701038939.1324928
2.869 1701038939.2289467
2.869 1701038939.3261096
2.59 1701038939.4250202
2.562 1701038939.523767
2.587 1701038939.6225543
2.59 1701038939.7145898
2.601 1701038939.8138332
2.554 1701038939.9153192
2.568 1701038940.015414
2.535 1701038940.1157322
2.561 1701038940.2150629
2.573 1701038940.3151107
2.597 1701038940.4136627
2.484 1701038940.5126357
2.592 1701038940.612827
2.586 1701038940.7125564
2.592 1701038940.8129218
2.551 1701038940.9127445
2.58 1701038941.0128646
2.571 1701038941.1137302
2.583 1701038941.2137022
2.562 1701038941.3137784
2.516 1701038941.4138198
2.605 1701038941.512854
2.599 1701038941.6136236
2.57 1701038941.712885
2.587 1701038941.8126683
2.603 1701038941.9122488
2.548 1701038942.008044
2.603 1701038942.1034768
2.594 1701038942.2061737
2.598 1701038942.304959
2.602 1701038942.4035082
2.61 1701038942.4968805
2.613 1701038942.6005104
2.616 1701038942.6972086
2.617 1701038942.7972188
2.628 1701038942.896684
2.646 1701038942.99673
2.655 1701038943.096906
2.662 1701038943.196627
2.684 1701038943.296633
2.667 1701038943.3945804
2.674 1701038943.496403
2.581 1701038943.595419
2.683 1701038943.695392
2.577 1701038943.7948813
2.598 1701038943.8930256
2.595 1701038943.9848385
2.541 1701038944.0835757
2.659 1701038944.1838078
2.534 1701038944.2838857
2.564 1701038944.3787665
2.569 1701038944.479395
2.58 1701038944.574456
2.587 1701038944.6743808
2.574 1701038944.7686522
2.6 1701038944.8688228
2.603 1701038944.965216
2.598 1701038945.0636184
2.604 1701038945.1638937
2.603 1701038945.253595
2.608 1701038945.3547857
2.6 1701038945.4555008
2.612 1701038945.5450444
2.616 1701038945.647102
2.585 1701038945.7437992
2.558 1701038945.8436813
2.618 1701038945.9381998
2.592 1701038946.0370703
2.509 1701038946.133747
2.521 1701038946.2327137
2.553 1701038946.3287697
2.61 1701038946.428741
2.61 1701038946.5298324
2.593 1701038946.6286142
2.602 1701038946.7234046
2.553 1701038946.8247983
2.583 1701038946.923484
2.576 1701038947.0234509
2.584 1701038947.1237338
2.595 1701038947.223472
2.58 1701038947.3225224
2.583 1701038947.4149406
2.588 1701038947.5184352
2.6 1701038947.614848
2.584 1701038947.7136707
2.594 1701038947.813799
2.604 1701038947.9146225
2.608 1701038948.013526
2.61 1701038948.113614
2.614 1701038948.2134314
2.619 1701038948.313499
2.632 1701038948.4134316
2.641 1701038948.5134912
2.692 1701038948.61342
2.651 1701038948.7130876
2.653 1701038948.8138428
2.561 1701038948.9138646
2.593 1701038949.0136743
2.573 1701038949.1137233
2.604 1701038949.213871
2.645 1701038949.3135855
2.522 1701038949.4137933
2.562 1701038949.5137827
2.543 1701038949.6136308
2.689 1701038949.71358
2.626 1701038949.8136108
2.623 1701038949.9152482
2.619 1701038950.0172372
2.613 1701038950.1149447
2.608 1701038950.2149112
2.611 1701038950.3149583
