2.129 1701044188.2295237
2.513 1701044188.323672
2.22 1701044188.425119
2.514 1701044188.5192997
2.296 1701044188.621166
2.271 1701044188.7198002
2.107 1701044188.813962
2.4 1701044188.9097362
2.417 1701044189.005926
2.177 1701044189.1057546
2.254 1701044189.2068877
2.34 1701044189.3056676
2.329 1701044189.407275
2.188 1701044189.508747
2.28 1701044189.6029167
2.244 1701044189.703042
2.336 1701044189.803439
2.247 1701044189.8975856
2.345 1701044190.0039248
2.322 1701044190.0864956
2.335 1701044190.188767
2.341 1701044190.2831454
2.367 1701044190.3931868
2.312 1701044190.4886246
2.335 1701044190.58671
2.273 1701044190.6808536
2.32 1701044190.78657
2.325 1701044190.8807144
2.325 1701044190.9760494
2.354 1701044191.0701983
2.375 1701044191.1799836
2.397 1701044191.2720685
2.419 1701044191.3827798
2.425 1701044191.4718518
2.446 1701044191.5816164
2.5 1701044191.6757584
2.463 1701044191.7729666
2.47 1701044191.8673239
2.484 1701044191.9729621
2.486 1701044192.0666518
2.509 1701044192.160817
2.512 1701044192.270613
2.434 1701044192.3680837
2.481 1701044192.4719877
2.544 1701044192.5667057
2.386 1701044192.6607642
2.448 1701044192.7729485
2.349 1701044192.863742
2.322 1701044192.9575562
2.498 1701044193.067329
2.495 1701044193.161483
2.497 1701044193.2712512
2.52 1701044193.372344
2.484 1701044193.4571934
2.494 1701044193.5696652
2.477 1701044193.6638098
2.477 1701044193.7579505
2.485 1701044193.86777
2.494 1701044193.97272
2.497 1701044194.066855
2.498 1701044194.1609962
2.508 1701044194.2707677
2.513 1701044194.3653388
2.529 1701044194.4575317
2.544 1701044194.5724864
2.377 1701044194.6669192
2.434 1701044194.7610571
2.445 1701044194.8708258
2.445 1701044194.9715512
2.472 1701044195.067965
2.485 1701044195.162106
2.474 1701044195.271878
2.439 1701044195.366193
2.502 1701044195.4725156
2.498 1701044195.5585065
2.432 1701044195.6682813
2.493 1701044195.762424
2.52 1701044195.8721952
2.491 1701044195.9576924
2.507 1701044196.0699468
2.515 1701044196.1640909
2.492 1701044196.2582552
2.504 1701044196.36856
2.511 1701044196.4711905
2.521 1701044196.570982
2.526 1701044196.665237
2.535 1701044196.7593853
2.541 1701044196.8692143
2.556 1701044196.956161
2.555 1701044197.0576344
2.562 1701044197.1658812
2.573 1701044197.26002
2.564 1701044197.3699853
2.455 1701044197.4563963
2.576 1701044197.566159
2.553 1701044197.6679797
2.516 1701044197.7621245
2.49 1701044197.8553212
2.469 1701044197.956263
2.405 1701044198.066214
2.559 1701044198.1537719
2.574 1701044198.2635307
2.42 1701044198.3596768
2.44 1701044198.4557712
2.395 1701044198.5499132
2.457 1701044198.6564867
2.462 1701044198.750543
2.454 1701044198.8447034
2.465 1701044198.9571428
2.487 1701044199.0512927
2.458 1701044199.1454291
2.426 1701044199.2523787
2.483 1701044199.3471012
2.476 1701044199.4426036
2.481 1701044199.5523953
2.381 1701044199.6470432
2.467 1701044199.7532115
2.45 1701044199.8473537
2.457 1701044199.9414325
2.457 1701044200.051215
2.468 1701044200.1453557
2.476 1701044200.2397304
2.495 1701044200.348906
2.484 1701044200.4405837
2.49 1701044200.5347362
2.492 1701044200.6445034
2.497 1701044200.7386565
2.508 1701044200.835264
2.519 1701044200.9399898
2.525 1701044201.0341425
2.545 1701044201.143908
2.308 1701044201.2380574
2.317 1701044201.3373055
2.393 1701044201.4403515
2.221 1701044201.5344915
2.512 1701044201.6286411
2.237 1701044201.7229655
2.495 1701044201.8322544
2.498 1701044201.9256797
2.358 1701044202.0235476
2.373 1701044202.118309
2.416 1701044202.212338
2.299 1701044202.3221085
2.351 1701044202.4227061
2.404 1701044202.51863
2.371 1701044202.6127882
2.386 1701044202.7069285
2.39 1701044202.8010707
2.319 1701044202.9047978
2.27 1701044203.0026937
2.156 1701044203.0968397
2.212 1701044203.2066066
2.412 1701044203.301411
2.364 1701044203.3969283
2.285 1701044203.4873877
2.231 1701044203.5972466
2.345 1701044203.691429
2.225 1701044203.785593
2.275 1701044203.8797266
2.328 1701044203.9871233
2.335 1701044204.0812929
2.334 1701044204.175449
2.337 1701044204.28528
2.337 1701044204.379429
2.346 1701044204.4723957
2.356 1701044204.5840733
2.364 1701044204.6782234
2.171 1701044204.7725997
2.193 1701044204.8667393
2.361 1701044204.9734287
2.189 1701044205.068299
2.352 1701044205.1780646
2.245 1701044205.272202
2.356 1701044205.3663414
2.365 1701044205.4714103
2.295 1701044205.5702527
2.2 1701044205.664502
2.556 1701044205.7745373
2.253 1701044205.8686833
2.362 1701044205.971487
2.55 1701044206.0728188
2.335 1701044206.1663585
2.356 1701044206.2708516
2.378 1701044206.3685405
2.394 1701044206.4556534
2.404 1701044206.5654318
2.425 1701044206.66959
2.425 1701044206.7644458
2.441 1701044206.8579793
2.443 1701044206.9567897
2.454 1701044207.0666873
2.47 1701044207.1703644
2.491 1701044207.2645066
2.494 1701044207.3586738
2.511 1701044207.4566274
2.516 1701044207.5664344
2.517 1701044207.656223
2.535 1701044207.7653868
2.548 1701044207.8595362
2.553 1701044207.9565108
2.508 1701044208.0662878
2.559 1701044208.160437
2.482 1701044208.2680583
2.557 1701044208.3622065
2.572 1701044208.4567213
2.571 1701044208.5665092
2.552 1701044208.6606643
2.439 1701044208.7698026
2.507 1701044208.8639505
2.381 1701044208.956015
2.404 1701044209.0658224
2.547 1701044209.160493
2.552 1701044209.2716305
2.468 1701044209.3660133
2.479 1701044209.4557695
2.477 1701044209.5655425
2.437 1701044209.6596894
2.519 1701044209.7694805
2.528 1701044209.8694441
2.512 1701044209.9559565
2.484 1701044210.0657299
2.502 1701044210.1598847
2.426 1701044210.2691479
2.512 1701044210.3681912
2.514 1701044210.455988
2.529 1701044210.5712202
2.581 1701044210.660852
2.533 1701044210.7706277
2.526 1701044210.8704069
2.531 1701044210.9711523
2.541 1701044211.0653045
2.546 1701044211.1594725
2.552 1701044211.268763
2.506 1701044211.3710184
2.547 1701044211.4569018
2.548 1701044211.5709684
2.406 1701044211.6682322
2.547 1701044211.761482
2.556 1701044211.8711438
2.439 1701044211.9566753
2.487 1701044212.066438
2.547 1701044212.160589
2.504 1701044212.270791
2.459 1701044212.364934
2.492 1701044212.4700558
2.45 1701044212.5641985
2.419 1701044212.658357
2.462 1701044212.7681253
2.509 1701044212.862271
2.512 1701044212.9709911
2.515 1701044213.0656416
2.523 1701044213.159781
2.531 1701044213.2691936
2.531 1701044213.3633385
2.532 1701044213.4567847
2.581 1701044213.5672266
2.553 1701044213.6613784
2.547 1701044213.7711582
2.549 1701044213.8652852
2.558 1701044213.9720929
2.567 1701044214.0692644
2.572 1701044214.1634192
2.485 1701044214.257571
2.58 1701044214.3673363
2.48 1701044214.4709861
2.434 1701044214.5712903
2.404 1701044214.6655674
2.43 1701044214.7597115
2.48 1701044214.8700235
2.45 1701044214.9707274
2.451 1701044215.0656216
2.428 1701044215.1672432
2.488 1701044215.261384
2.482 1701044215.3555236
2.518 1701044215.4561784
2.486 1701044215.5511694
2.5 1701044215.6520758
2.515 1701044215.761842
2.483 1701044215.8559825
2.49 1701044215.955422
2.5 1701044216.0495672
2.507 1701044216.1540217
2.52 1701044216.251005
2.537 1701044216.3452375
2.513 1701044216.455184
2.585 1701044216.5488796
2.39 1701044216.643282
2.278 1701044216.7520874
2.538 1701044216.8462281
2.46 1701044216.9555929
2.537 1701044217.0526183
2.509 1701044217.1467507
2.602 1701044217.2522151
2.385 1701044217.3463764
2.516 1701044217.4410636
2.236 1701044217.5510468
2.355 1701044217.645399
2.487 1701044217.73913
2.311 1701044217.8480332
2.261 1701044217.941033
2.438 1701044218.0501914
2.511 1701044218.1443322
2.303 1701044218.2541153
2.295 1701044218.3503463
2.243 1701044218.4552739
2.426 1701044218.5499763
2.423 1701044218.6441188
2.405 1701044218.753899
2.238 1701044218.851561
2.409 1701044218.9398565
2.392 1701044219.0549746
2.43 1701044219.1462483
2.247 1701044219.2403746
2.431 1701044219.3531182
2.285 1701044219.455154
2.227 1701044219.5494435
2.26 1701044219.6435893
2.369 1701044219.7537782
2.373 1701044219.8539314
2.388 1701044219.939634
2.405 1701044220.0496976
2.399 1701044220.1438322
2.407 1701044220.253663
2.41 1701044220.3478107
2.427 1701044220.4394116
2.432 1701044220.5527253
2.439 1701044220.646868
2.446 1701044220.7410102
2.458 1701044220.8351643
2.431 1701044220.9406238
2.473 1701044221.0341597
2.496 1701044221.1439285
2.48 1701044221.2380967
2.47 1701044221.3323746
2.513 1701044221.441206
2.5 1701044221.5358927
2.515 1701044221.6299963
2.518 1701044221.7397635
2.515 1701044221.833905
2.433 1701044221.9393852
2.436 1701044222.035328
2.475 1701044222.1294703
2.468 1701044222.2336135
2.501 1701044222.3277638
2.418 1701044222.4219046
2.507 1701044222.521206
2.473 1701044222.619963
2.497 1701044222.7141185
2.388 1701044222.8238838
2.488 1701044222.9210126
2.519 1701044223.019055
2.741 1701044223.1169095
2.491 1701044223.2110505
2.5 1701044223.3051972
2.314 1701044223.4149644
2.494 1701044223.502509
2.5 1701044223.6017282
2.504 1701044223.6959438
2.512 1701044223.8056796
2.519 1701044223.8999493
2.531 1701044224.0034308
2.534 1701044224.104403
2.595 1701044224.1985564
2.554 1701044224.2929173
2.563 1701044224.387045
2.554 1701044224.4861665
2.575 1701044224.5851538
2.568 1701044224.68447
2.592 1701044224.7786124
2.574 1701044224.888376
2.595 1701044224.9877484
2.6 1701044225.0818875
2.606 1701044225.186319
2.601 1701044225.280483
2.612 1701044225.3746378
2.61 1701044225.4717164
2.613 1701044225.5844383
2.584 1701044225.678579
2.616 1701044225.7829945
2.614 1701044225.8771386
2.619 1701044225.9871233
2.624 1701044226.081272
2.626 1701044226.1754208
2.625 1701044226.2841072
2.632 1701044226.3783853
2.635 1701044226.4724805
2.584 1701044226.582251
2.545 1701044226.676424
2.558 1701044226.7856665
2.568 1701044226.8798199
2.549 1701044226.9715445
2.524 1701044227.0813205
2.607 1701044227.1754737
2.501 1701044227.2873998
2.508 1701044227.381554
2.584 1701044227.4858627
2.501 1701044227.583998
2.565 1701044227.6781409
2.601 1701044227.7722824
2.504 1701044227.8840892
2.508 1701044227.9855347
2.548 1701044228.0796714
2.405 1701044228.1738293
2.421 1701044228.2835934
2.4 1701044228.384863
2.409 1701044228.4858358
2.466 1701044228.580579
2.506 1701044228.6748388
2.493 1701044228.7845962
2.38 1701044228.8862793
2.491 1701044228.9859276
2.491 1701044229.080559
2.518 1701044229.1746993
2.402 1701044229.2845793
2.481 1701044229.3787382
2.497 1701044229.4709847
2.51 1701044229.5802422
2.477 1701044229.6743813
2.467 1701044229.7685366
2.515 1701044229.8783002
2.501 1701044229.9712613
2.49 1701044230.0654075
2.501 1701044230.1751754
2.514 1701044230.2693288
2.503 1701044230.3634715
2.51 1701044230.4700308
2.463 1701044230.5641794
2.513 1701044230.6583202
2.605 1701044230.7681036
2.596 1701044230.8622525
2.604 1701044230.9706066
2.536 1701044231.066549
2.552 1701044231.1606927
2.57 1701044231.2548783
2.581 1701044231.365289
2.59 1701044231.454468
2.599 1701044231.5670617
2.601 1701044231.6612027
2.605 1701044231.755368
2.581 1701044231.8651648
2.552 1701044231.954246
2.464 1701044232.055115
2.614 1701044232.1642842
2.562 1701044232.2515442
2.524 1701044232.3613129
2.498 1701044232.455641
2.477 1701044232.549788
2.479 1701044232.6496828
2.549 1701044232.7594502
2.406 1701044232.8536081
2.486 1701044232.9541738
2.541 1701044233.0502028
2.515 1701044233.1520174
2.53 1701044233.2461586
2.514 1701044233.3559341
2.463 1701044233.4563003
2.452 1701044233.5504937
2.48 1701044233.6538363
2.473 1701044233.7480226
2.499 1701044233.842341
2.468 1701044233.9402008
2.495 1701044234.0499988
2.51 1701044234.1541853
2.468 1701044234.2499003
2.427 1701044234.3440366
2.518 1701044234.441646
2.386 1701044234.5514524
2.51 1701044234.6454687
2.426 1701044234.751162
2.478 1701044234.8493116
2.41 1701044234.9390364
2.489 1701044235.0494807
2.514 1701044235.1436234
2.503 1701044235.2523818
2.475 1701044235.3465338
2.298 1701044235.4398556
2.411 1701044235.549649
2.483 1701044235.6496477
2.273 1701044235.7437966
2.461 1701044235.8485503
2.335 1701044235.9396086
2.662 1701044236.0539107
2.467 1701044236.1476219
2.278 1701044236.2419987
2.358 1701044236.3513372
2.454 1701044236.4544063
2.457 1701044236.548541
2.352 1701044236.6499717
2.448 1701044236.7441175
2.437 1701044236.8511899
2.383 1701044236.954371
2.44 1701044237.0485315
2.443 1701044237.142676
2.445 1701044237.2524526
2.256 1701044237.3384297
2.289 1701044237.4383547
2.299 1701044237.5481436
2.196 1701044237.650639
2.268 1701044237.7447846
2.413 1701044237.8389406
2.287 1701044237.9394977
2.192 1701044238.049271
2.342 1701044238.1434064
2.356 1701044238.2521641
2.354 1701044238.3464005
2.347 1701044238.4406242
2.555 1701044238.5498521
2.275 1701044238.644177
2.549 1701044238.7384095
2.424 1701044238.848314
2.372 1701044238.939598
2.389 1701044239.0493705
2.229 1701044239.1435137
2.394 1701044239.237681
2.412 1701044239.3475053
2.328 1701044239.452967
2.426 1701044239.5482614
2.255 1701044239.6421256
2.512 1701044239.7519977
2.452 1701044239.846149
2.329 1701044239.9405277
2.375 1701044240.0516589
2.444 1701044240.1458013
2.227 1701044240.2399414
2.44 1701044240.3501172
2.45 1701044240.4386811
2.441 1701044240.5381098
2.397 1701044240.6512086
2.146 1701044240.7430103
2.399 1701044240.8529544
2.265 1701044240.9410875
2.216 1701044241.0545673
2.396 1701044241.1499915
2.411 1701044241.2445068
2.407 1701044241.3386478
2.397 1701044241.4388998
2.41 1701044241.5486913
2.417 1701044241.6532044
2.413 1701044241.745857
2.433 1701044241.8400133
2.429 1701044241.9419389
2.42 1701044242.0506003
2.433 1701044242.1528397
2.445 1701044242.2469893
2.489 1701044242.3411338
2.487 1701044242.4393518
2.488 1701044242.5491207
2.468 1701044242.6530051
2.507 1701044242.7475228
2.512 1701044242.841676
2.52 1701044242.9400103
2.451 1701044243.049642
2.387 1701044243.1524422
2.511 1701044243.2494545
2.497 1701044243.3436043
2.42 1701044243.4396741
2.494 1701044243.5493548
2.497 1701044243.6490102
2.483 1701044243.7510395
2.478 1701044243.8451834
2.471 1701044243.9399235
2.488 1701044244.0490782
2.342 1701044244.1432197
2.484 1701044244.2535145
2.512 1701044244.3476698
2.488 1701044244.4396617
2.486 1701044244.5499353
2.492 1701044244.6441169
2.505 1701044244.7382567
2.509 1701044244.8500462
2.512 1701044244.9457026
2.524 1701044245.0494359
2.892 1701044245.1435814
2.568 1701044245.2533543
2.578 1701044245.349942
2.58 1701044245.4382486
2.594 1701044245.548031
2.583 1701044245.6421783
2.536 1701044245.736335
2.55 1701044245.837067
2.619 1701044245.939088
2.498 1701044246.0339012
2.615 1701044246.1437638
2.587 1701044246.2379038
2.512 1701044246.3320465
2.604 1701044246.4383984
2.49 1701044246.5328033
2.53 1701044246.62082
2.504 1701044246.7305932
2.573 1701044246.824735
2.427 1701044246.9230587
2.48 1701044247.0167894
2.452 1701044247.1265666
2.424 1701044247.2174623
2.489 1701044247.311602
2.466 1701044247.4226837
2.514 1701044247.5169618
2.476 1701044247.611103
2.5 1701044247.706068
2.502 1701044247.815219
2.503 1701044247.9093585
2.506 1701044248.000765
2.517 1701044248.0949082
2.522 1701044248.2046735
