2.385 1701044016.5645578
2.264 1701044016.6740322
2.427 1701044016.7681744
2.254 1701044016.8623164
2.359 1701044016.9631212
2.313 1701044017.0639534
2.364 1701044017.1728423
2.189 1701044017.2643065
2.36 1701044017.3661776
2.246 1701044017.4680681
2.258 1701044017.5648353
2.242 1701044017.6597066
2.611 1701044017.7538462
2.351 1701044017.861713
2.428 1701044017.9610512
2.252 1701044018.0554924
2.355 1701044018.1609728
2.366 1701044018.2635384
2.419 1701044018.3580008
2.386 1701044018.4635844
2.394 1701044018.5503566
2.406 1701044018.6633172
2.406 1701044018.7517426
2.423 1701044018.8483646
2.424 1701044018.960708
2.439 1701044019.0722063
2.431 1701044019.167598
2.425 1701044019.2690856
2.454 1701044019.367178
2.495 1701044019.4680686
2.49 1701044019.5671103
2.378 1701044019.666202
2.466 1701044019.7663167
2.471 1701044019.8664024
2.481 1701044019.9652116
2.482 1701044020.066832
2.485 1701044020.165485
2.489 1701044020.2653983
2.463 1701044020.3649309
2.467 1701044020.4653535
2.384 1701044020.5641243
2.484 1701044020.6633894
2.492 1701044020.7489004
2.416 1701044020.863362
2.489 1701044020.9521468
2.492 1701044021.063435
2.502 1701044021.1629117
2.52 1701044021.250158
2.527 1701044021.3496666
2.605 1701044021.4621744
2.604 1701044021.5563414
2.533 1701044021.663242
2.471 1701044021.7543423
2.378 1701044021.863924
2.508 1701044021.9575212
2.375 1701044022.0633469
2.743 1701044022.1506572
2.542 1701044022.2646494
2.486 1701044022.3637934
2.473 1701044022.4499686
2.491 1701044022.5617409
2.543 1701044022.6625314
2.543 1701044022.7512076
2.542 1701044022.862662
2.546 1701044022.9576962
2.551 1701044023.063741
2.572 1701044023.1632948
2.517 1701044023.262585
2.505 1701044023.3605998
2.49 1701044023.4577305
2.481 1701044023.5518718
2.354 1701044023.66164
2.475 1701044023.7500117
2.416 1701044023.8474915
2.53 1701044023.9492962
2.468 1701044024.0480204
2.538 1701044024.143823
2.546 1701044024.2427187
2.541 1701044024.34654
2.545 1701044024.4472876
2.539 1701044024.545059
2.541 1701044024.639201
2.543 1701044024.7523785
2.544 1701044024.8480978
2.437 1701044024.9426136
2.361 1701044025.0362792
2.544 1701044025.143671
2.585 1701044025.24763
2.561 1701044025.3466685
2.589 1701044025.4294908
2.58 1701044025.538006
2.497 1701044025.6305785
2.587 1701044025.728953
2.571 1701044025.8334353
2.569 1701044025.9329152
2.459 1701044026.0309134
2.557 1701044026.1325786
2.594 1701044026.2295582
2.506 1701044026.3175807
2.545 1701044026.4311619
2.59 1701044026.530262
2.572 1701044026.629032
2.562 1701044026.7272284
2.57 1701044026.8180285
2.519 1701044026.914813
2.567 1701044027.0089567
2.417 1701044027.1086674
2.425 1701044027.2130873
2.542 1701044027.3076954
2.5 1701044027.412255
2.592 1701044027.5064197
2.57 1701044027.6005683
2.575 1701044027.6954892
2.595 1701044027.7933571
2.593 1701044027.9033935
2.512 1701044028.0036356
2.549 1701044028.0933065
2.319 1701044028.1988044
2.528 1701044028.2955308
2.426 1701044028.3956087
2.503 1701044028.4897454
2.41 1701044028.5838864
2.515 1701044028.6794245
2.526 1701044028.7735536
2.526 1701044028.875687
2.533 1701044028.986145
2.537 1701044029.0791798
2.534 1701044029.180077
2.453 1701044029.2794602
2.501 1701044029.3761253
2.519 1701044029.4709673
2.482 1701044029.580237
2.397 1701044029.6800973
2.466 1701044029.774241
2.518 1701044029.8778436
2.527 1701044029.9719887
2.539 1701044030.0661438
2.545 1701044030.164208
2.515 1701044030.2758663
2.471 1701044030.379781
2.471 1701044030.4751217
2.511 1701044030.5693772
2.379 1701044030.6653268
2.518 1701044030.7751138
2.493 1701044030.8692548
2.466 1701044030.9755595
2.386 1701044031.0697086
2.446 1701044031.1639972
2.435 1701044031.2581482
2.515 1701044031.3615568
2.487 1701044031.4626625
2.496 1701044031.556793
2.492 1701044031.6643832
2.491 1701044031.7585313
2.496 1701044031.865062
2.503 1701044031.9638271
2.508 1701044032.057376
2.5 1701044032.1638765
2.518 1701044032.2580266
2.476 1701044032.3524358
2.514 1701044032.4622066
2.462 1701044032.5609462
2.472 1701044032.648587
2.495 1701044032.7583628
2.513 1701044032.8622956
2.502 1701044032.9624734
2.528 1701044033.0611348
2.543 1701044033.1497512
2.55 1701044033.2586775
2.583 1701044033.3532894
2.548 1701044033.4474669
2.306 1701044033.5618186
2.303 1701044033.6491108
2.471 1701044033.7587683
2.417 1701044033.8625705
2.419 1701044033.9567094
2.288 1701044034.050853
2.493 1701044034.1624284
2.334 1701044034.2565627
2.279 1701044034.3597906
2.271 1701044034.4539337
2.314 1701044034.5484643
2.385 1701044034.6485252
2.41 1701044034.7582958
2.399 1701044034.852443
2.263 1701044034.9623468
2.371 1701044035.056848
2.383 1701044035.1489902
2.416 1701044035.2581565
2.397 1701044035.3526175
2.405 1701044035.4590683
2.409 1701044035.5532362
2.313 1701044035.648695
2.305 1701044035.7582092
2.41 1701044035.8523552
2.32 1701044035.9465113
2.404 1701044036.0562844
2.322 1701044036.1488261
2.351 1701044036.2440867
2.426 1701044036.3543327
2.427 1701044036.4484751
2.193 1701044036.5425546
2.207 1701044036.650089
2.4 1701044036.7467637
2.406 1701044036.8403
2.391 1701044036.950166
2.322 1701044037.0443056
2.124 1701044037.1487525
2.177 1701044037.246058
2.352 1701044037.3416667
2.256 1701044037.4358203
2.336 1701044037.5299666
2.34 1701044037.6400008
2.142 1701044037.7272234
2.332 1701044037.827618
2.162 1701044037.9217863
2.306 1701044038.0282218
2.327 1701044038.1223829
2.32 1701044038.228848
2.32 1701044038.331159
2.312 1701044038.4260585
2.181 1701044038.5202081
2.31 1701044038.6143515
2.334 1701044038.7112732
2.217 1701044038.8210497
2.328 1701044038.909718
2.336 1701044039.020007
2.271 1701044039.1141233
2.332 1701044039.2108827
2.679 1701044039.3050253
2.373 1701044039.4123821
2.399 1701044039.506536
2.414 1701044039.6006835
2.425 1701044039.695018
2.43 1701044039.8048015
2.442 1701044039.8989208
2.456 1701044039.9912956
2.481 1701044040.0858028
2.487 1701044040.1951916
2.494 1701044040.2897012
2.52 1701044040.384
2.549 1701044040.4774091
2.606 1701044040.587175
2.554 1701044040.6795225
2.554 1701044040.7736654
2.58 1701044040.883446
2.58 1701044040.9815526
2.544 1701044041.0757108
2.589 1701044041.1796365
2.595 1701044041.2737772
2.604 1701044041.3682485
2.612 1701044041.4780142
2.616 1701044041.5759814
2.56 1701044041.6795976
2.617 1701044041.7737339
2.588 1701044041.8678741
2.602 1701044041.9776974
2.537 1701044042.0769851
2.608 1701044042.1638124
2.518 1701044042.2735844
2.497 1701044042.3681285
2.497 1701044042.477903
2.574 1701044042.563485
2.589 1701044042.6643085
2.599 1701044042.7741787
2.555 1701044042.8683553
2.59 1701044042.9780257
2.592 1701044043.0721648
2.594 1701044043.1778343
2.587 1701044043.2749853
2.596 1701044043.3691278
2.6 1701044043.4788966
2.592 1701044043.5730357
2.525 1701044043.6639357
2.588 1701044043.7737029
2.586 1701044043.8777792
2.526 1701044043.9715445
2.61 1701044044.0657616
2.686 1701044044.163432
2.627 1701044044.2596946
2.63 1701044044.3694623
2.542 1701044044.463604
2.561 1701044044.557755
2.498 1701044044.6629767
2.533 1701044044.758787
2.6 1701044044.8685553
2.605 1701044044.9628098
2.582 1701044045.0571713
2.589 1701044045.1661503
2.556 1701044045.2616613
2.495 1701044045.3560927
2.582 1701044045.4502347
2.429 1701044045.5600326
2.472 1701044045.663627
2.444 1701044045.7613482
2.498 1701044045.855499
2.519 1701044045.949643
2.504 1701044046.0594268
2.52 1701044046.1483507
2.524 1701044046.2580056
2.437 1701044046.3588498
2.516 1701044046.4523802
2.513 1701044046.5465283
2.472 1701044046.6479506
2.477 1701044046.7577198
2.465 1701044046.8434832
2.501 1701044046.9532511
2.452 1701044047.0473979
2.51 1701044047.1480699
2.515 1701044047.2421
2.521 1701044047.346627
2.524 1701044047.446269
2.528 1701044047.5394955
2.587 1701044047.648925
2.533 1701044047.7430942
2.537 1701044047.8376794
2.379 1701044047.9419405
2.534 1701044048.0360825
2.487 1701044048.146452
2.539 1701044048.2419722
2.544 1701044048.3361146
2.55 1701044048.4273794
2.583 1701044048.5371542
2.558 1701044048.6321461
2.555 1701044048.7276824
2.595 1701044048.8218253
2.564 1701044048.9298928
2.572 1701044049.0251248
2.57 1701044049.1192656
2.435 1701044049.2264094
2.479 1701044049.3205535
2.333 1701044049.4146936
2.327 1701044049.5125668
2.475 1701044049.6061313
2.338 1701044049.7107124
2.516 1701044049.8049653
2.52 1701044049.9143364
2.198 1701044050.012714
2.512 1701044050.1059344
2.209 1701044050.20996
2.406 1701044050.304114
2.427 1701044050.4066913
2.305 1701044050.5008588
2.135 1701044050.5912435
2.422 1701044050.6945605
2.388 1701044050.792298
2.305 1701044050.8864408
2.38 1701044050.9963748
2.392 1701044051.0934138
2.308 1701044051.1785607
2.313 1701044051.288327
2.399 1701044051.3847978
2.214 1701044051.4773252
2.224 1701044051.579302
2.224 1701044051.6786392
2.342 1701044051.772772
2.357 1701044051.8825395
2.214 1701044051.9766784
2.347 1701044052.0708206
2.351 1701044052.1787539
2.307 1701044052.2734869
2.359 1701044052.3750746
2.35 1701044052.4699743
2.362 1701044052.564416
2.369 1701044052.6789286
2.36 1701044052.7731025
2.369 1701044052.8672445
2.713 1701044052.9763165
2.401 1701044053.070462
2.768 1701044053.177688
2.464 1701044053.2719426
2.477 1701044053.3661103
2.489 1701044053.4756427
2.511 1701044053.5697906
2.516 1701044053.6649933
2.528 1701044053.776939
2.543 1701044053.8711033
2.557 1701044053.9649332
2.513 1701044054.0746984
2.465 1701044054.17696
2.505 1701044054.276942
2.463 1701044054.3748665
2.5 1701044054.4692438
2.563 1701044054.5633898
2.432 1701044054.6632972
2.491 1701044054.76303
2.453 1701044054.8619275
2.503 1701044054.9710898
2.439 1701044055.0652466
2.513 1701044055.1633077
2.732 1701044055.2578762
2.529 1701044055.3584144
2.527 1701044055.4680445
2.528 1701044055.562187
2.531 1701044055.663171
2.537 1701044055.7592025
2.598 1701044055.8591905
2.554 1701044055.9533436
2.588 1701044056.0635126
2.581 1701044056.1629472
2.562 1701044056.2580512
2.574 1701044056.3619077
2.566 1701044056.456528
2.554 1701044056.5506637
2.59 1701044056.6478949
2.581 1701044056.7570512
2.568 1701044056.851197
2.437 1701044056.9579597
2.386 1701044057.052117
2.52 1701044057.1487768
2.491 1701044057.2584758
2.508 1701044057.3526387
2.533 1701044057.460151
2.517 1701044057.5577612
2.524 1701044057.6476452
2.424 1701044057.757299
2.476 1701044057.8564994
2.453 1701044057.9475644
2.505 1701044058.0573337
2.749 1701044058.1476586
2.521 1701044058.2570374
2.473 1701044058.351189
2.519 1701044058.461691
2.592 1701044058.5568352
2.596 1701044058.647703
2.542 1701044058.7580967
2.477 1701044058.8522422
2.543 1701044058.9594686
2.542 1701044059.0587537
2.597 1701044059.1475375
2.545 1701044059.257304
2.553 1701044059.3589592
2.563 1701044059.4539778
2.588 1701044059.5601277
2.47 1701044059.6477976
2.511 1701044059.7573984
2.551 1701044059.8515546
2.563 1701044059.96133
2.568 1701044060.0617473
2.563 1701044060.1479552
2.56 1701044060.2571106
2.569 1701044060.3606422
2.572 1701044060.4579031
2.593 1701044060.552056
2.579 1701044060.6474495
2.495 1701044060.7566068
2.511 1701044060.8592768
2.553 1701044060.9534175
2.5 1701044061.0475621
2.455 1701044061.1477754
2.432 1701044061.25707
2.486 1701044061.3512115
2.545 1701044061.4466653
2.352 1701044061.5550284
2.494 1701044061.6472106
2.494 1701044061.7413945
2.499 1701044061.8511698
2.4 1701044061.9453154
2.465 1701044062.0395157
2.49 1701044062.1495337
2.466 1701044062.2423072
2.483 1701044062.3364725
2.48 1701044062.4468904
2.478 1701044062.540077
2.483 1701044062.644002
2.49 1701044062.728298
2.498 1701044062.8380642
2.502 1701044062.9322295
2.502 1701044063.0263472
2.512 1701044063.120484
2.515 1701044063.2263849
2.527 1701044063.3235178
2.594 1701044063.4176657
2.546 1701044063.5234187
2.557 1701044063.6175528
2.561 1701044063.725488
2.575 1701044063.8097692
2.59 1701044063.919535
2.583 1701044064.0136755
2.393 1701044064.107824
2.606 1701044064.2101042
2.553 1701044064.3117237
2.574 1701044064.4052715
2.573 1701044064.499918
2.441 1701044064.6099033
2.506 1701044064.6952357
2.513 1701044064.8049958
2.503 1701044064.8923073
2.555 1701044064.9929764
2.557 1701044065.0871377
2.553 1701044065.1940608
2.555 1701044065.29272
2.553 1701044065.392896
2.559 1701044065.487036
2.565 1701044065.5811887
2.547 1701044065.67845
2.577 1701044065.7726543
2.577 1701044065.8824189
2.576 1701044065.9735591
2.516 1701044066.0828223
2.595 1701044066.178068
2.59 1701044066.2722056
2.602 1701044066.3663452
2.436 1701044066.4751794
2.414 1701044066.5693161
2.422 1701044066.6783562
2.425 1701044066.7724967
2.557 1701044066.8666544
2.509 1701044066.976781
2.586 1701044067.0709789
2.518 1701044067.163302
2.529 1701044067.273126
2.533 1701044067.3673053
2.536 1701044067.4614651
2.599 1701044067.5770748
2.539 1701044067.6629448
2.222 1701044067.7727156
2.149 1701044067.8668642
2.343 1701044067.976629
2.247 1701044068.0745435
2.348 1701044068.162411
2.333 1701044068.2721944
2.455 1701044068.3753362
2.416 1701044068.4694827
2.444 1701044068.576177
2.317 1701044068.6626687
2.427 1701044068.7724433
2.425 1701044068.8669028
2.381 1701044068.9766881
2.399 1701044069.0769222
2.42 1701044069.1622477
2.413 1701044069.272538
2.392 1701044069.3667016
2.411 1701044069.4774256
2.369 1701044069.5714414
2.231 1701044069.662777
2.319 1701044069.772581
2.418 1701044069.8667338
2.412 1701044069.9773924
2.419 1701044070.0713687
2.262 1701044070.1624725
2.426 1701044070.2722547
2.155 1701044070.366418
2.043 1701044070.4761806
2.368 1701044070.570415
2.362 1701044070.66167
2.368 1701044070.7713678
2.381 1701044070.8655462
2.385 1701044070.9753191
2.404 1701044071.0694795
2.377 1701044071.1638534
2.395 1701044071.2760599
2.281 1701044071.3731415
2.273 1701044071.4672928
2.427 1701044071.5612242
2.361 1701044071.662361
2.366 1701044071.7583559
2.373 1701044071.868441
2.293 1701044071.961276
2.41 1701044072.0557203
2.256 1701044072.1633816
2.384 1701044072.2600725
2.416 1701044072.3542213
2.385 1701044072.4647052
2.378 1701044072.5589278
2.391 1701044072.6623561
2.281 1701044072.7570474
2.426 1701044072.8565958
2.404 1701044072.9507697
2.417 1701044073.060825
2.371 1701044073.147061
2.421 1701044073.2562134
2.428 1701044073.358902
2.428 1701044073.4530525
2.443 1701044073.5472002
2.44 1701044073.6469386
2.495 1701044073.756594
2.46 1701044073.8451467
2.475 1701044073.9543052
2.485 1701044074.0484564
2.52 1701044074.1471531
2.491 1701044074.256459
2.507 1701044074.361376
2.514 1701044074.456766
2.443 1701044074.5511265
2.512 1701044074.6467378
2.424 1701044074.7561972
2.518 1701044074.850346
2.526 1701044074.957245
2.528 1701044075.0513883
2.537 1701044075.1471395
2.549 1701044075.256304
2.603 1701044075.3506868
2.565 1701044075.4591947
2.563 1701044075.5601778
2.497 1701044075.646562
2.506 1701044075.756335
2.551 1701044075.850488
2.551 1701044075.9446547
2.509 1701044076.0556471
2.559 1701044076.1469934
2.565 1701044076.2561522
2.577 1701044076.3446484
2.57 1701044076.4544282
2.595 1701044076.5576944
