3.858 1699057644.197628
4.517 1699057644.2974544
4.219 1699057644.3992426
3.704 1699057644.4977102
3.789 1699057644.597527
3.88 1699057644.6975787
3.894 1699057644.7975767
3.889 1699057644.8974595
3.74 1699057644.9979486
3.94 1699057645.0977275
3.946 1699057645.198938
3.997 1699057645.2974856
3.956 1699057645.3967803
3.848 1699057645.4973414
3.785 1699057645.596017
3.956 1699057645.695987
3.89 1699057645.795626
3.921 1699057645.8956206
3.77 1699057645.995105
3.888 1699057646.0940096
3.884 1699057646.194046
3.894 1699057646.295136
3.897 1699057646.3959398
3.894 1699057646.4811618
3.871 1699057646.595702
3.878 1699057646.6958833
3.765 1699057646.795726
3.882 1699057646.895191
3.667 1699057646.995769
3.864 1699057647.0956101
3.867 1699057647.195755
3.786 1699057647.2961023
3.709 1699057647.3970652
3.842 1699057647.4959729
3.849 1699057647.5961094
3.847 1699057647.6961126
3.856 1699057647.7960715
3.854 1699057647.8960707
3.855 1699057647.9970486
3.862 1699057648.096558
3.773 1699057648.1954355
3.796 1699057648.2800555
3.722 1699057648.3809352
3.676 1699057648.4800694
3.769 1699057648.5796158
3.791 1699057648.68071
3.717 1699057648.780913
3.818 1699057648.8806431
3.791 1699057648.98134
3.79 1699057649.0807455
3.708 1699057649.1808896
3.824 1699057649.280892
3.736 1699057649.3810337
3.795 1699057649.4812086
3.788 1699057649.580846
3.776 1699057649.6807642
3.776 1699057649.7810957
3.707 1699057649.880659
3.772 1699057649.9811215
3.778 1699057650.080963
3.667 1699057650.180675
3.763 1699057650.2807505
3.586 1699057650.3807452
3.754 1699057650.4803188
3.746 1699057650.580915
3.744 1699057650.6796017
3.752 1699057650.7799115
3.75 1699057650.879041
3.719 1699057650.9797692
3.751 1699057651.079433
3.746 1699057651.1807382
3.749 1699057651.2797475
3.744 1699057651.3806539
3.758 1699057651.4810586
3.771 1699057651.58068
3.784 1699057651.6806498
3.804 1699057651.7806952
3.827 1699057651.8806295
3.846 1699057651.9807074
3.856 1699057652.0808182
3.876 1699057652.1808999
3.89 1699057652.280736
3.902 1699057652.3810022
3.895 1699057652.4804282
3.923 1699057652.580719
3.928 1699057652.6811385
3.95 1699057652.7807388
3.958 1699057652.8805847
3.975 1699057652.9809647
3.894 1699057653.0807
3.974 1699057653.1802745
3.801 1699057653.2795956
3.906 1699057653.3794754
3.958 1699057653.4795372
3.965 1699057653.5792124
3.886 1699057653.6798131
3.761 1699057653.7803702
3.948 1699057653.880603
3.806 1699057653.9805677
3.883 1699057654.080544
3.927 1699057654.1808708
3.872 1699057654.2810874
3.904 1699057654.3808002
3.817 1699057654.480317
3.805 1699057654.580599
3.889 1699057654.6805255
3.88 1699057654.7805831
3.889 1699057654.8802805
3.898 1699057654.9804814
3.894 1699057655.0804644
3.893 1699057655.1803381
3.885 1699057655.2806282
3.889 1699057655.3811347
3.888 1699057655.4801083
3.892 1699057655.5805807
3.901 1699057655.6807284
3.897 1699057655.7790027
3.9 1699057655.8800414
3.867 1699057655.9791453
3.91 1699057656.0789068
3.895 1699057656.1790245
3.922 1699057656.2802715
3.927 1699057656.3806841
3.921 1699057656.4798386
3.903 1699057656.5804827
3.864 1699057656.6802356
3.811 1699057656.780206
3.881 1699057656.880103
3.911 1699057656.9804747
3.877 1699057657.080347
3.909 1699057657.1802683
3.817 1699057657.2806954
3.894 1699057657.3802907
3.896 1699057657.480383
3.896 1699057657.5803978
3.903 1699057657.6801703
3.87 1699057657.780128
3.904 1699057657.8803291
3.904 1699057657.9808092
3.912 1699057658.0805345
3.914 1699057658.180169
3.884 1699057658.279254
3.821 1699057658.3796854
3.78 1699057658.4786294
3.873 1699057658.577706
3.792 1699057658.6776512
3.898 1699057658.7629993
3.875 1699057658.8628175
3.901 1699057658.9639018
3.899 1699057659.0640852
3.898 1699057659.16416
3.893 1699057659.2639718
3.898 1699057659.3638375
3.89 1699057659.463145
3.885 1699057659.577878
3.878 1699057659.6788754
3.795 1699057659.7786887
3.865 1699057659.878886
2.922 1699057659.9788215
4.283 1699057660.079829
3.841 1699057660.180746
3.851 1699057660.2799778
3.801 1699057660.3802412
3.847 1699057660.479341
3.848 1699057660.5787566
3.85 1699057660.6798449
3.852 1699057660.7801905
3.859 1699057660.8800218
3.859 1699057660.9787278
3.859 1699057661.0786595
3.856 1699057661.1775985
3.858 1699057661.2774646
3.854 1699057661.3630965
3.783 1699057661.4764578
3.91 1699057661.576626
3.884 1699057661.6777864
3.88 1699057661.777741
3.879 1699057661.8777494
3.884 1699057661.9636912
3.889 1699057662.0638018
3.897 1699057662.1777053
3.898 1699057662.2637563
3.909 1699057662.3777256
3.89 1699057662.4764407
3.908 1699057662.5632782
3.884 1699057662.6785872
3.887 1699057662.7798147
3.886 1699057662.8788738
3.901 1699057662.9798074
3.916 1699057663.079702
3.921 1699057663.1787477
3.926 1699057663.2796638
3.942 1699057663.3796878
3.95 1699057663.477821
3.895 1699057663.577696
3.949 1699057663.6774561
3.947 1699057663.7773576
3.946 1699057663.878405
3.898 1699057663.9774578
3.946 1699057664.063377
3.869 1699057664.1787176
3.948 1699057664.279477
3.951 1699057664.3795466
3.958 1699057664.4785583
3.965 1699057664.5785503
3.804 1699057664.6785197
3.995 1699057664.7794824
3.956 1699057664.8794835
3.94 1699057664.9786727
3.934 1699057665.0786557
3.938 1699057665.1795957
3.939 1699057665.279667
3.943 1699057665.3796694
3.951 1699057665.4785192
3.817 1699057665.5786092
3.87 1699057665.6801214
3.946 1699057665.7798994
3.945 1699057665.879882
3.945 1699057665.979157
3.817 1699057666.0783212
3.851 1699057666.177353
3.928 1699057666.27722
3.791 1699057666.376146
3.905 1699057666.4633832
3.895 1699057666.563441
3.859 1699057666.6633384
3.908 1699057666.7634442
3.899 1699057666.8632848
3.809 1699057666.9764516
3.818 1699057667.0764678
3.788 1699057667.163354
3.908 1699057667.2775507
3.804 1699057667.3780127
3.86 1699057667.4772484
3.86 1699057667.5784936
3.866 1699057667.6784785
3.872 1699057667.7784202
3.877 1699057667.8784823
3.895 1699057667.9793525
3.899 1699057668.0793374
3.905 1699057668.1794648
3.915 1699057668.2793474
3.915 1699057668.379905
3.928 1699057668.4785655
3.906 1699057668.5781069
3.839 1699057668.6632044
3.866 1699057668.7632551
3.941 1699057668.8632915
3.952 1699057668.9635475
3.963 1699057669.0635288
3.97 1699057669.163674
3.98 1699057669.2635467
3.989 1699057669.3634217
3.994 1699057669.4635513
3.989 1699057669.5638232
3.995 1699057669.6641834
3.996 1699057669.764555
3.991 1699057669.864957
3.996 1699057669.9649732
3.956 1699057670.064929
3.996 1699057670.1650815
3.948 1699057670.2649887
3.962 1699057670.365096
3.991 1699057670.4651554
3.872 1699057670.5652504
4.006 1699057670.6654887
3.966 1699057670.765574
3.985 1699057670.8658564
3.985 1699057670.9658444
3.967 1699057671.065867
3.976 1699057671.1657948
3.904 1699057671.265949
3.869 1699057671.365785
3.907 1699057671.4658806
3.948 1699057671.5657687
3.997 1699057671.6657634
3.9 1699057671.765832
3.949 1699057671.873248
3.948 1699057671.9660432
3.951 1699057672.0659654
3.965 1699057672.1660097
3.989 1699057672.2661266
3.963 1699057672.3762405
3.959 1699057672.466774
3.841 1699057672.5762198
3.809 1699057672.6771083
3.887 1699057672.7771566
3.945 1699057672.878084
3.948 1699057672.9781027
3.844 1699057673.0795052
3.801 1699057673.1794608
3.936 1699057673.2795599
3.937 1699057673.3797765
3.935 1699057673.479357
3.937 1699057673.5784276
3.931 1699057673.6781917
3.925 1699057673.776918
3.921 1699057673.8712492
3.916 1699057673.9716063
3.87 1699057674.0716257
3.905 1699057674.1761727
3.926 1699057674.277742
3.907 1699057674.3782446
3.926 1699057674.476949
3.929 1699057674.5771844
3.85 1699057674.6772215
3.942 1699057674.7780635
3.94 1699057674.8781414
3.945 1699057674.9787283
3.951 1699057675.0787387
3.948 1699057675.1777425
3.877 1699057675.2787468
3.939 1699057675.3788624
3.943 1699057675.4771955
3.951 1699057675.5771465
4.279 1699057675.67716
4.284 1699057675.777116
4.018 1699057675.8781176
4.042 1699057675.9768524
4.065 1699057676.076977
4.079 1699057676.1763327
4.096 1699057676.2768366
4.109 1699057676.375795
4.123 1699057676.4757895
4.133 1699057676.5757551
4.135 1699057676.676009
4.145 1699057676.776018
4.161 1699057676.8760672
4.178 1699057676.9760416
4.145 1699057677.0760717
4.2 1699057677.1778414
4.149 1699057677.2781148
4.166 1699057677.378078
4.188 1699057677.4771764
4.183 1699057677.576412
4.176 1699057677.661867
4.165 1699057677.7766743
4.149 1699057677.8629632
4.174 1699057677.9760787
4.145 1699057678.0775251
4.054 1699057678.1616411
4.168 1699057678.27706
4.172 1699057678.3771546
4.082 1699057678.477046
3.943 1699057678.56683
3.954 1699057678.6770833
4.007 1699057678.761837
3.879 1699057678.8767216
3.949 1699057678.9619691
4.062 1699057679.0622761
3.96 1699057679.161147
4.06 1699057679.262859
4.059 1699057679.3628113
4.052 1699057679.462966
4.041 1699057679.5625708
3.967 1699057679.6629379
4.029 1699057679.7630455
4.022 1699057679.8630521
4.013 1699057679.9631107
3.992 1699057680.0637956
3.961 1699057680.1620765
4.015 1699057680.2629
4.018 1699057680.362779
4.036 1699057680.4634595
4.046 1699057680.5629077
4.043 1699057680.6637359
4.054 1699057680.762901
4.047 1699057680.863025
3.984 1699057680.9625168
3.97 1699057681.0627222
4.041 1699057681.1628141
3.944 1699057681.261802
3.954 1699057681.361493
3.918 1699057681.461301
4.028 1699057681.5612516
4.029 1699057681.6620555
4.031 1699057681.764754
3.89 1699057681.8628325
4.021 1699057681.9628258
4.016 1699057682.0628252
4.014 1699057682.1629074
4.015 1699057682.2628894
3.946 1699057682.363285
4.01 1699057682.4758055
4.012 1699057682.5768857
3.986 1699057682.6756427
4.007 1699057682.7767446
3.992 1699057682.8767037
4.017 1699057682.9779327
4.03 1699057683.0779128
4.03 1699057683.1788228
4.033 1699057683.278987
4.038 1699057683.3791316
4.054 1699057683.4784255
3.995 1699057683.578733
4.049 1699057683.6790316
4.047 1699057683.7790558
3.958 1699057683.8779132
3.963 1699057683.977737
4.038 1699057684.076796
4.044 1699057684.176433
4.045 1699057684.275362
3.974 1699057684.3615444
4.046 1699057684.4632616
4.083 1699057684.5619273
3.975 1699057684.6625073
4.041 1699057684.776493
4.044 1699057684.8776941
4.042 1699057684.9777231
4.037 1699057685.0779595
4.04 1699057685.1776068
3.97 1699057685.277576
4.039 1699057685.3787446
4.045 1699057685.4778023
4.053 1699057685.5766463
4.075 1699057685.6766841
4.066 1699057685.7775636
4.086 1699057685.8776996
4.1 1699057685.9774592
4.114 1699057686.0753605
4.123 1699057686.1767373
4.134 1699057686.276688
4.143 1699057686.3753533
4.145 1699057686.4621472
4.148 1699057686.561337
4.157 1699057686.661263
4.155 1699057686.7612174
4.14 1699057686.8616827
4.175 1699057686.963072
4.152 1699057687.0639415
4.189 1699057687.1626277
4.2 1699057687.2625546
4.196 1699057687.362644
4.189 1699057687.476555
4.155 1699057687.5766556
4.179 1699057687.6765306
4.129 1699057687.7623591
4.147 1699057687.8624363
4.05 1699057687.9763815
4.16 1699057688.0766394
4.06 1699057688.1777036
3.951 1699057688.2775948
3.965 1699057688.378616
3.936 1699057688.4780939
3.979 1699057688.5774949
3.977 1699057688.676848
3.948 1699057688.7774143
3.985 1699057688.8776119
3.995 1699057688.9773004
3.949 1699057689.0762637
4.018 1699057689.1763484
4.006 1699057689.2751472
3.989 1699057689.3616302
3.991 1699057689.4609551
3.988 1699057689.5635893
3.977 1699057689.6623306
3.974 1699057689.762394
3.996 1699057689.8623846
3.98 1699057689.961919
3.986 1699057690.0623436
3.991 1699057690.162641
3.957 1699057690.262419
3.998 1699057690.3627422
3.986 1699057690.4623132
4.001 1699057690.5621285
3.972 1699057690.6625082
4.007 1699057690.7622674
4.003 1699057690.8627052
4.0 1699057690.9626741
4.001 1699057691.0625496
3.992 1699057691.162442
4.006 1699057691.2622619
3.985 1699057691.3623931
4.01 1699057691.4628818
4.01 1699057691.5612254
3.905 1699057691.6617634
3.995 1699057691.761479
3.879 1699057691.8612761
3.964 1699057691.960828
3.986 1699057692.061631
3.989 1699057692.1623547
3.997 1699057692.26234
3.966 1699057692.3752975
3.995 1699057692.4761121
3.996 1699057692.5772247
3.999 1699057692.6770482
4.005 1699057692.7768095
3.999 1699057692.8763504
3.973 1699057692.974991
3.987 1699057693.0753706
3.971 1699057693.1749606
3.992 1699057693.260751
3.996 1699057693.3609755
4.008 1699057693.4728925
4.013 1699057693.5607874
4.005 1699057693.6603532
3.996 1699057693.7613504
3.974 1699057693.8623164
3.982 1699057693.964192
3.989 1699057694.0615072
3.993 1699057694.1608062
3.906 1699057694.2609384
3.98 1699057694.3614259
3.982 1699057694.4608672
3.991 1699057694.5621908
3.998 1699057694.662317
3.891 1699057694.7619834
3.992 1699057694.8622546
3.992 1699057694.9624133
3.989 1699057695.0624404
3.979 1699057695.162382
3.988 1699057695.2623568
3.988 1699057695.3762856
3.997 1699057695.476597
4.007 1699057695.5762365
4.01 1699057695.67626
4.008 1699057695.7772207
4.018 1699057695.8771832
4.02 1699057695.977187
4.031 1699057696.076539
4.03 1699057696.1762133
4.039 1699057696.2747998
4.075 1699057696.3751419
4.058 1699057696.4751678
4.065 1699057696.5749254
4.064 1699057696.6748846
4.064 1699057696.7614634
4.073 1699057696.8753595
4.083 1699057696.9749792
4.076 1699057697.0605242
4.07 1699057697.1607947
3.955 1699057697.2622976
3.972 1699057697.3620522
4.073 1699057697.46241
4.086 1699057697.562077
4.091 1699057697.6637383
4.099 1699057697.7610002
4.097 1699057697.86219
4.102 1699057697.9751017
4.102 1699057698.075121
4.108 1699057698.1769176
4.117 1699057698.2625365
4.123 1699057698.3766963
4.14 1699057698.477754
4.14 1699057698.576892
4.148 1699057698.6770713
4.16 1699057698.7771027
4.178 1699057698.8781087
4.2 1699057698.9777763
4.207 1699057699.077884
4.205 1699057699.176981
4.164 1699057699.2759004
4.158 1699057699.375989
4.195 1699057699.4748278
4.046 1699057699.5748699
4.024 1699057699.6606133
3.92 1699057699.760628
3.99 1699057699.861824
4.068 1699057699.9621918
4.002 1699057700.0620704
4.128 1699057700.1750517
4.019 1699057700.2750232
4.117 1699057700.3750026
3.995 1699057700.4621844
4.089 1699057700.5749886
4.07 1699057700.6750112
4.061 1699057700.7618752
4.053 1699057700.8619761
4.045 1699057700.9750154
4.044 1699057701.0749967
3.994 1699057701.1749964
4.049 1699057701.2750053
4.058 1699057701.374961
4.066 1699057701.474965
4.066 1699057701.5749302
4.072 1699057701.674945
4.075 1699057701.7759511
4.061 1699057701.875833
4.069 1699057701.9757926
4.07 1699057702.0607843
3.918 1699057702.160528
4.066 1699057702.260402
3.97 1699057702.3756938
3.909 1699057702.4620306
4.081 1699057702.562055
4.048 1699057702.6611266
4.049 1699057702.762075
4.042 1699057702.861973
4.045 1699057702.974955
4.052 1699057703.0760021
4.053 1699057703.1766253
4.055 1699057703.276591
4.049 1699057703.3766565
4.051 1699057703.4765146
4.059 1699057703.576201
4.076 1699057703.6759763
4.087 1699057703.7675807
4.092 1699057703.861873
4.095 1699057703.9748573
4.113 1699057704.0619524
4.115 1699057704.1748207
