1.906 1699056373.1563635
2.087 1699056373.2591448
2.521 1699056373.3691657
1.903 1699056373.4635496
2.043 1699056373.5764956
1.941 1699056373.6731055
1.948 1699056373.7748923
1.906 1699056373.8687341
1.886 1699056373.9781027
1.856 1699056374.0720687
1.941 1699056374.1716008
1.875 1699056374.2712402
1.842 1699056374.370562
1.777 1699056374.4810686
1.88 1699056374.5753717
1.907 1699056374.6758986
1.959 1699056374.774197
1.907 1699056374.8833299
1.91 1699056374.977245
1.869 1699056375.071745
1.883 1699056375.185643
1.77 1699056375.285293
1.714 1699056375.3845623
1.854 1699056375.4789019
1.774 1699056375.5732448
1.773 1699056375.6860862
1.799 1699056375.7847302
1.634 1699056375.878854
1.736 1699056375.9732635
1.698 1699056376.083907
1.678 1699056376.1782255
1.737 1699056376.279826
1.698 1699056376.373816
1.652 1699056376.4840357
1.597 1699056376.5781164
1.734 1699056376.672387
1.928 1699056376.785323
1.749 1699056376.8709395
1.695 1699056376.9814515
1.691 1699056377.0755002
1.679 1699056377.1853256
1.663 1699056377.2850485
1.605 1699056377.38464
1.614 1699056377.4788826
1.689 1699056377.5733297
1.651 1699056377.6824887
1.622 1699056377.7841356
1.631 1699056377.8839512
1.64 1699056377.9781861
1.566 1699056378.079158
1.699 1699056378.1831431
1.685 1699056378.2843032
1.674 1699056378.3837225
1.655 1699056378.4779615
1.652 1699056378.5719895
1.65 1699056378.6815944
1.651 1699056378.781829
1.561 1699056378.8859315
1.65 1699056378.9796557
1.611 1699056379.0737548
1.619 1699056379.1838827
1.624 1699056379.2843451
1.644 1699056379.3744516
1.719 1699056379.4748077
1.651 1699056379.584961
1.627 1699056379.679117
1.652 1699056379.780594
1.652 1699056379.8806121
1.651 1699056379.9772062
1.636 1699056380.072227
1.706 1699056380.1821027
1.711 1699056380.2834837
1.708 1699056380.377742
1.662 1699056380.4864576
1.663 1699056380.5731604
1.689 1699056380.6830635
1.61 1699056380.782875
1.724 1699056380.8773088
1.625 1699056380.9715977
1.674 1699056381.0718467
1.688 1699056381.1816416
1.677 1699056381.2820938
1.714 1699056381.3763669
1.721 1699056381.4709995
1.626 1699056381.5705264
1.695 1699056381.6802418
1.62 1699056381.7799463
1.678 1699056381.8744125
1.634 1699056381.9695904
1.618 1699056382.087004
1.673 1699056382.1792884
1.671 1699056382.2820709
1.65 1699056382.3764627
1.651 1699056382.4863813
1.696 1699056382.5864098
1.666 1699056382.6811898
1.671 1699056382.781681
1.622 1699056382.8761036
1.664 1699056382.9858072
1.61 1699056383.0801184
1.625 1699056383.1825783
1.647 1699056383.280578
1.637 1699056383.3755438
1.657 1699056383.4852772
1.661 1699056383.5802789
1.664 1699056383.6798995
1.662 1699056383.778244
1.704 1699056383.8729131
1.846 1699056383.9822962
1.714 1699056384.077304
1.68 1699056384.173796
1.649 1699056384.273169
1.614 1699056384.382117
1.671 1699056384.4764528
1.735 1699056384.5863707
1.682 1699056384.6806457
1.608 1699056384.781121
1.68 1699056384.8795438
1.722 1699056384.9740534
1.635 1699056385.084318
1.711 1699056385.17912
1.726 1699056385.279864
1.598 1699056385.3752053
1.685 1699056385.4850674
1.691 1699056385.579396
1.689 1699056385.674118
1.707 1699056385.788469
1.599 1699056385.888489
1.717 1699056385.9828863
1.702 1699056386.0772624
1.604 1699056386.1895468
1.643 1699056386.2896636
1.673 1699056386.3874948
1.567 1699056386.4825687
1.664 1699056386.5774763
1.647 1699056386.6721365
1.663 1699056386.7727592
1.639 1699056386.8724716
1.717 1699056386.982818
1.662 1699056387.0771554
1.661 1699056387.1714768
1.633 1699056387.2718947
1.66 1699056387.3854804
1.674 1699056387.4716163
1.676 1699056387.582007
1.705 1699056387.6761913
1.679 1699056387.7766037
1.576 1699056387.8864274
1.699 1699056387.9869845
1.634 1699056388.0811825
1.62 1699056388.1756206
1.678 1699056388.276209
1.687 1699056388.386529
1.675 1699056388.4865167
1.695 1699056388.5812647
1.681 1699056388.6760585
1.709 1699056388.7775533
1.635 1699056388.8870137
1.602 1699056388.9863222
1.622 1699056389.082081
1.7 1699056389.1771913
1.646 1699056389.2771242
1.659 1699056389.376128
1.698 1699056389.4855316
1.672 1699056389.580727
1.639 1699056389.6765194
1.708 1699056389.7765694
1.585 1699056389.8765726
1.714 1699056389.9810076
1.725 1699056390.082166
1.734 1699056390.1775055
1.688 1699056390.2776766
1.69 1699056390.3780665
1.685 1699056390.4830377
1.692 1699056390.5828178
1.716 1699056390.6788359
1.694 1699056390.78217
1.66 1699056390.8792908
1.714 1699056390.9871352
1.694 1699056391.0873873
1.617 1699056391.1831481
1.705 1699056391.2861655
1.71 1699056391.3814733
1.618 1699056391.4806075
1.686 1699056391.5885067
1.699 1699056391.6806562
1.727 1699056391.7806969
1.571 1699056391.8820179
1.698 1699056391.9813638
1.614 1699056392.0817459
1.667 1699056392.1869931
1.646 1699056392.2867517
1.664 1699056392.3824859
1.664 1699056392.4828749
1.588 1699056392.5867264
1.731 1699056392.685859
1.729 1699056392.7872481
1.665 1699056392.8838491
1.723 1699056392.984238
1.714 1699056393.0844016
1.674 1699056393.186277
1.644 1699056393.2845361
1.712 1699056393.3847194
1.681 1699056393.485164
1.676 1699056393.585512
1.678 1699056393.6857696
1.599 1699056393.7860081
1.68 1699056393.8862405
1.604 1699056393.9863546
1.711 1699056394.0865052
1.632 1699056394.1867788
1.615 1699056394.2854145
1.671 1699056394.3800669
1.714 1699056394.474831
1.732 1699056394.584514
1.673 1699056394.6879182
1.672 1699056394.7867522
1.591 1699056394.8793502
1.604 1699056394.9737997
1.656 1699056395.0837057
1.657 1699056395.1778731
1.715 1699056395.2795596
1.635 1699056395.3805017
1.663 1699056395.474987
1.667 1699056395.5841572
1.715 1699056395.678512
1.637 1699056395.7795303
1.672 1699056395.879202
1.581 1699056395.9736466
1.648 1699056396.0839736
1.657 1699056396.1786277
1.658 1699056396.2784536
1.659 1699056396.3882556
1.613 1699056396.4763787
1.707 1699056396.5869308
1.668 1699056396.6820767
1.675 1699056396.7823544
1.706 1699056396.884724
1.685 1699056396.9763904
1.691 1699056397.0863569
1.704 1699056397.1811452
1.707 1699056397.2818282
1.717 1699056397.3762965
1.724 1699056397.4781458
1.741 1699056397.5716946
1.729 1699056397.6821358
1.737 1699056397.7831836
1.737 1699056397.8776233
1.764 1699056397.9852655
1.778 1699056398.0732155
1.78 1699056398.1835277
1.768 1699056398.2835393
1.766 1699056398.3794286
1.736 1699056398.4862876
1.79 1699056398.5748584
1.754 1699056398.684657
1.706 1699056398.7866452
1.712 1699056398.8813818
1.556 1699056398.9767861
1.757 1699056399.077158
1.576 1699056399.1719534
1.588 1699056399.2726765
1.644 1699056399.3832316
1.644 1699056399.4778805
1.634 1699056399.5796936
1.641 1699056399.674283
1.597 1699056399.776882
1.678 1699056399.8728397
1.672 1699056399.9822705
1.632 1699056400.0855393
1.654 1699056400.1785293
1.588 1699056400.2794275
1.737 1699056400.379344
1.59 1699056400.4739752
1.649 1699056400.583263
1.637 1699056400.6837351
1.644 1699056400.783578
1.624 1699056400.8780217
1.647 1699056400.972577
1.726 1699056401.082621
1.653 1699056401.1832762
1.656 1699056401.281189
1.711 1699056401.3757887
1.668 1699056401.4855769
1.669 1699056401.580441
1.672 1699056401.6848366
1.598 1699056401.7776434
1.589 1699056401.8728266
1.614 1699056401.9828393
1.647 1699056402.0773573
1.598 1699056402.171835
1.665 1699056402.272523
1.664 1699056402.3824713
1.613 1699056402.4769115
1.671 1699056402.5711699
1.667 1699056402.681151
1.641 1699056402.7821095
1.666 1699056402.8783512
1.633 1699056402.9732285
1.656 1699056403.083535
1.655 1699056403.178341
1.737 1699056403.2805195
1.587 1699056403.3756557
1.663 1699056403.4852014
1.717 1699056403.5798113
1.608 1699056403.6741743
1.714 1699056403.777678
1.67 1699056403.8738828
1.612 1699056403.9840763
1.611 1699056404.0833123
1.622 1699056404.1745498
1.637 1699056404.274456
1.639 1699056404.3734207
1.656 1699056404.484135
1.697 1699056404.5788405
1.659 1699056404.673162
1.66 1699056404.7739499
1.705 1699056404.8750315
1.668 1699056404.9850976
1.57 1699056405.079557
1.621 1699056405.1740255
1.706 1699056405.274889
1.641 1699056405.3854043
1.658 1699056405.4855986
1.646 1699056405.5800633
1.627 1699056405.6743674
1.665 1699056405.7751362
1.611 1699056405.884255
1.551 1699056405.984433
1.657 1699056406.079566
1.642 1699056406.1739058
1.653 1699056406.2738478
1.652 1699056406.3834393
1.65 1699056406.483505
1.649 1699056406.5786958
1.707 1699056406.672634
1.735 1699056406.7725399
1.719 1699056406.882193
1.663 1699056406.9852521
1.662 1699056407.0764453
1.669 1699056407.1861813
1.696 1699056407.2864177
1.645 1699056407.3807278
1.68 1699056407.486422
1.65 1699056407.5764236
1.69 1699056407.6900754
1.712 1699056407.787405
1.646 1699056407.8816774
1.637 1699056407.9761255
1.59 1699056408.077727
1.696 1699056408.190609
1.699 1699056408.2887783
1.674 1699056408.3831155
1.719 1699056408.477561
1.637 1699056408.5901291
1.725 1699056408.6905496
1.713 1699056408.7900655
1.721 1699056408.8874848
1.623 1699056408.9825401
1.688 1699056409.0896902
1.689 1699056409.1776342
1.685 1699056409.2791803
1.677 1699056409.3737571
1.721 1699056409.4842944
1.645 1699056409.5789423
1.638 1699056409.6800392
1.719 1699056409.7790232
1.687 1699056409.8733284
1.677 1699056409.9839861
1.639 1699056410.0786252
1.7 1699056410.17811
1.623 1699056410.2768364
1.585 1699056410.3864233
1.693 1699056410.4812405
1.568 1699056410.5754933
1.666 1699056410.6879208
1.62 1699056410.786475
1.662 1699056410.8867877
1.646 1699056410.9811904
1.705 1699056411.075509
1.712 1699056411.1854858
1.606 1699056411.285725
1.659 1699056411.3801565
1.653 1699056411.474289
1.633 1699056411.5841064
1.609 1699056411.6781006
1.612 1699056411.780093
1.648 1699056411.8743
1.579 1699056411.9841077
1.715 1699056412.0786505
1.615 1699056412.1729755
1.652 1699056412.2768683
1.65 1699056412.373202
1.639 1699056412.4830093
1.624 1699056412.5772965
1.648 1699056412.687617
1.594 1699056412.7879808
1.634 1699056412.8874319
1.647 1699056412.9815254
1.625 1699056413.076005
1.648 1699056413.1855233
1.645 1699056413.2859666
1.638 1699056413.3870778
1.591 1699056413.481195
1.631 1699056413.5758307
1.607 1699056413.6853344
1.639 1699056413.7868361
1.645 1699056413.8875146
1.648 1699056413.9815967
1.649 1699056414.0756724
1.718 1699056414.185279
1.654 1699056414.2855735
1.636 1699056414.3864925
1.636 1699056414.4843848
1.648 1699056414.578839
1.649 1699056414.673055
1.652 1699056414.7732668
1.628 1699056414.8832593
1.59 1699056414.984429
1.653 1699056415.078398
1.629 1699056415.1727965
1.663 1699056415.2734199
1.664 1699056415.3832731
1.602 1699056415.4832938
1.635 1699056415.5779018
1.554 1699056415.6724043
1.644 1699056415.773718
1.644 1699056415.8738787
1.713 1699056415.9864786
1.65 1699056416.0839481
1.614 1699056416.1782508
1.65 1699056416.2786484
1.649 1699056416.373125
1.573 1699056416.4826415
1.573 1699056416.56849
1.65 1699056416.678249
1.643 1699056416.7783058
1.626 1699056416.8785985
1.621 1699056416.9729915
1.65 1699056417.0734737
1.637 1699056417.1832514
1.715 1699056417.284228
1.601 1699056417.3841636
1.649 1699056417.4783723
1.603 1699056417.5863698
1.644 1699056417.672801
1.632 1699056417.775417
1.609 1699056417.8853934
1.646 1699056417.9801135
1.64 1699056418.0744567
1.649 1699056418.1753464
1.651 1699056418.275165
1.704 1699056418.384977
1.616 1699056418.4792736
1.663 1699056418.573737
1.715 1699056418.6735756
1.668 1699056418.7721405
1.551 1699056418.8821301
1.669 1699056418.976859
1.711 1699056419.0713873
1.67 1699056419.183107
1.67 1699056419.2835727
1.622 1699056419.377966
1.611 1699056419.4723082
1.663 1699056419.5825884
1.666 1699056419.6865795
1.622 1699056419.7784262
1.664 1699056419.882382
1.663 1699056419.9769082
1.641 1699056420.0873833
1.666 1699056420.181975
1.694 1699056420.2825983
1.699 1699056420.3774474
1.679 1699056420.487227
1.714 1699056420.5819998
1.673 1699056420.6768126
1.723 1699056420.780939
1.679 1699056420.8757665
1.686 1699056420.985542
1.621 1699056421.0798633
1.643 1699056421.1746745
1.681 1699056421.2874625
1.599 1699056421.3726907
1.689 1699056421.4832609
1.713 1699056421.578325
1.723 1699056421.672743
1.68 1699056421.773337
1.7 1699056421.872846
1.63 1699056421.9828043
1.681 1699056422.077073
1.602 1699056422.1715047
1.684 1699056422.2751038
1.671 1699056422.3852735
1.671 1699056422.4855328
1.637 1699056422.5797856
1.673 1699056422.6742404
1.68 1699056422.774968
1.623 1699056422.885705
1.63 1699056422.9744084
1.552 1699056423.0838177
1.667 1699056423.1785743
1.663 1699056423.2785444
1.697 1699056423.3729656
1.669 1699056423.4739687
1.678 1699056423.5838363
1.609 1699056423.6781642
1.689 1699056423.7788756
1.596 1699056423.8734796
1.649 1699056423.9736478
1.645 1699056424.0839314
1.679 1699056424.1790729
1.625 1699056424.280153
1.565 1699056424.3798175
1.659 1699056424.4854555
1.661 1699056424.5763943
1.675 1699056424.6707506
1.683 1699056424.7714663
1.597 1699056424.8817742
1.597 1699056424.9831355
1.597 1699056425.0760968
1.533 1699056425.1709287
1.648 1699056425.2859874
1.646 1699056425.380241
1.65 1699056425.474896
1.651 1699056425.5749543
1.584 1699056425.685295
1.619 1699056425.7757306
1.642 1699056425.88152
1.634 1699056425.9764142
1.647 1699056426.0859556
1.647 1699056426.1859472
1.616 1699056426.2771428
1.637 1699056426.3854525
1.645 1699056426.4804058
1.635 1699056426.585396
1.599 1699056426.6789553
1.646 1699056426.7814784
1.648 1699056426.8777168
1.556 1699056426.9780226
1.644 1699056427.0814362
1.644 1699056427.1824632
1.651 1699056427.2820196
1.71 1699056427.3788192
1.657 1699056427.4790506
1.614 1699056427.5829484
1.614 1699056427.6812944
1.641 1699056427.7816284
1.73 1699056427.8818135
1.727 1699056427.981833
1.664 1699056428.067891
1.666 1699056428.1804707
1.614 1699056428.2806304
1.597 1699056428.3757203
1.663 1699056428.470931
1.636 1699056428.5654647
1.634 1699056428.6808581
1.596 1699056428.7773688
1.617 1699056428.8720343
1.659 1699056428.9680502
1.593 1699056429.0830712
1.651 1699056429.1832201
1.629 1699056429.283616
1.65 1699056429.3839383
1.653 1699056429.484202
1.652 1699056429.584625
1.724 1699056429.6850107
1.581 1699056429.7855935
1.629 1699056429.885059
1.644 1699056429.9812176
1.661 1699056430.0852425
1.613 1699056430.1709633
1.715 1699056430.284402
1.72 1699056430.3859742
1.576 1699056430.4822552
1.728 1699056430.5770335
1.642 1699056430.671766
1.632 1699056430.771585
1.616 1699056430.872626
1.666 1699056430.9830253
1.638 1699056431.0773354
1.647 1699056431.1722171
1.653 1699056431.2722173
1.619 1699056431.374716
1.657 1699056431.484856
1.66 1699056431.5800114
1.656 1699056431.6746693
1.66 1699056431.773217
1.594 1699056431.884449
1.65 1699056431.9835632
1.64 1699056432.0782533
1.657 1699056432.1727016
1.718 1699056432.2742305
1.664 1699056432.3844764
1.667 1699056432.4849901
1.665 1699056432.5793288
1.609 1699056432.6758184
1.666 1699056432.7746816
1.667 1699056432.88742
1.72 1699056432.9872215
1.681 1699056433.0817802
