2.321 1701039242.111445
2.307 1701039242.2057862
2.308 1701039242.3012147
2.322 1701039242.4005485
2.178 1701039242.5013742
2.309 1701039242.6009567
2.245 1701039242.700506
2.319 1701039242.7956595
2.336 1701039242.9035602
2.321 1701039243.0031784
2.305 1701039243.102351
2.316 1701039243.1999984
2.324 1701039243.2994025
2.328 1701039243.3952565
2.332 1701039243.491401
2.331 1701039243.591327
2.283 1701039243.6916335
2.244 1701039243.7919443
2.329 1701039243.8908527
2.328 1701039243.9860137
2.287 1701039244.084657
2.265 1701039244.1713161
2.335 1701039244.2789142
2.336 1701039244.366219
2.337 1701039244.4608154
2.346 1701039244.5642147
2.355 1701039244.6670473
2.338 1701039244.7622948
2.353 1701039244.8648367
2.354 1701039244.9602342
2.244 1701039245.0553467
2.326 1701039245.1505978
2.353 1701039245.2523527
2.365 1701039245.3525476
2.335 1701039245.451252
2.312 1701039245.5496304
2.302 1701039245.6371043
2.302 1701039245.7336857
2.362 1701039245.8388844
2.364 1701039245.9343412
2.404 1701039246.0327015
2.365 1701039246.13233
2.361 1701039246.226098
2.362 1701039246.321839
2.362 1701039246.4275036
2.361 1701039246.5253544
2.366 1701039246.6213593
2.38 1701039246.7162123
2.393 1701039246.8185484
2.29 1701039246.9116614
2.3 1701039247.0142744
2.292 1701039247.1088252
2.281 1701039247.216408
2.371 1701039247.3174002
2.419 1701039247.4063382
2.376 1701039247.5167594
2.318 1701039247.6117666
2.301 1701039247.7152848
2.402 1701039247.8162787
2.373 1701039247.9052231
2.379 1701039248.0174518
2.428 1701039248.1108682
2.399 1701039248.2165332
2.343 1701039248.3176117
2.33 1701039248.4046454
2.233 1701039248.5149646
2.277 1701039248.6102066
2.284 1701039248.716238
2.321 1701039248.81744
2.231 1701039248.9162436
2.259 1701039249.0178454
2.214 1701039249.116073
2.327 1701039249.2172368
2.336 1701039249.3162873
2.329 1701039249.401209
2.329 1701039249.5108848
2.306 1701039249.6012762
2.245 1701039249.704338
2.331 1701039249.8002043
2.247 1701039249.9082763
2.343 1701039250.010891
2.299 1701039250.1062646
2.341 1701039250.2034345
2.302 1701039250.298685
2.299 1701039250.4034913
2.302 1701039250.5022984
2.23 1701039250.5975323
2.309 1701039250.6999757
2.308 1701039250.7979589
2.307 1701039250.9006388
2.303 1701039250.998528
2.255 1701039251.0827239
2.303 1701039251.1929748
2.344 1701039251.2881105
2.306 1701039251.3978055
2.313 1701039251.4925652
2.308 1701039251.5959742
2.308 1701039251.6917875
2.337 1701039251.786289
2.297 1701039251.8947358
2.253 1701039251.9808915
2.308 1701039252.083712
2.305 1701039252.1934314
2.317 1701039252.2804868
2.316 1701039252.3907344
2.211 1701039252.4853346
2.302 1701039252.5798976
2.192 1701039252.6810281
2.232 1701039252.775338
2.328 1701039252.873803
2.289 1701039252.9688394
2.285 1701039253.0682712
2.179 1701039253.1584833
2.329 1701039253.2681663
2.282 1701039253.363622
2.32 1701039253.4592793
2.294 1701039253.5532532
2.302 1701039253.6475763
2.304 1701039253.7492726
2.3 1701039253.853441
2.301 1701039253.951048
2.305 1701039254.0434434
2.291 1701039254.133446
2.318 1701039254.242095
2.328 1701039254.3368177
2.33 1701039254.432448
2.23 1701039254.526522
2.283 1701039254.632324
2.285 1701039254.7256136
2.343 1701039254.8187678
2.433 1701039254.9270256
2.338 1701039255.0121014
2.338 1701039255.1143372
2.333 1701039255.2178886
2.3 1701039255.3210547
2.287 1701039255.4160316
2.241 1701039255.5189986
2.212 1701039255.6157932
2.295 1701039255.7177756
2.257 1701039255.8116074
2.185 1701039255.9165256
2.293 1701039256.011314
2.288 1701039256.1175814
2.292 1701039256.216733
2.292 1701039256.3121164
2.299 1701039256.4173422
2.294 1701039256.5105002
2.312 1701039256.6170933
2.236 1701039256.7167716
2.345 1701039256.813885
2.287 1701039256.917412
2.335 1701039257.0123227
2.292 1701039257.1070454
2.256 1701039257.2155108
2.295 1701039257.316672
2.165 1701039257.4069805
2.303 1701039257.5120196
2.303 1701039257.606926
2.303 1701039257.7072062
2.307 1701039257.8074472
2.29 1701039257.9075124
2.291 1701039258.0092216
2.301 1701039258.1076827
2.31 1701039258.1979282
2.314 1701039258.29279
2.302 1701039258.397298
2.293 1701039258.4917471
2.196 1701039258.5856857
2.252 1701039258.695724
2.283 1701039258.7906482
2.288 1701039258.898734
2.234 1701039258.992454
2.214 1701039259.0984643
2.28 1701039259.1923335
2.315 1701039259.294597
2.315 1701039259.3987079
2.285 1701039259.4934247
2.29 1701039259.5904393
2.296 1701039259.6855872
2.338 1701039259.7967837
2.24 1701039259.8921216
2.298 1701039259.9889753
2.304 1701039260.0995388
2.318 1701039260.1943786
2.311 1701039260.2979333
2.185 1701039260.3926752
2.341 1701039260.4878209
2.217 1701039260.59326
2.318 1701039260.6878011
2.275 1701039260.797281
2.318 1701039260.8909855
2.203 1701039260.9859185
2.309 1701039261.0968683
2.308 1701039261.1894174
2.293 1701039261.2956932
2.212 1701039261.3902357
2.237 1701039261.494002
2.241 1701039261.5974057
2.281 1701039261.6917658
2.213 1701039261.795958
2.266 1701039261.891341
2.244 1701039261.9851396
2.229 1701039262.0966759
2.269 1701039262.190445
2.336 1701039262.2991214
2.275 1701039262.3921745
2.259 1701039262.4989076
2.28 1701039262.5988183
2.316 1701039262.693305
2.316 1701039262.796282
2.277 1701039262.898939
2.253 1701039262.9989853
2.283 1701039263.0986893
2.287 1701039263.1937435
2.296 1701039263.2967556
2.306 1701039263.3928254
2.313 1701039263.4876854
2.314 1701039263.5978746
2.241 1701039263.6927075
2.329 1701039263.7960944
2.3 1701039263.8910003
2.286 1701039263.9869282
2.148 1701039264.099309
2.251 1701039264.1985555
2.306 1701039264.2984982
2.305 1701039264.3929954
2.303 1701039264.495479
2.237 1701039264.591244
2.303 1701039264.6942768
2.307 1701039264.7970479
2.343 1701039264.891724
2.326 1701039264.9863052
2.333 1701039265.0969212
2.297 1701039265.1975436
2.329 1701039265.2954743
2.326 1701039265.3989506
2.304 1701039265.4847593
2.307 1701039265.595573
2.322 1701039265.68938
2.33 1701039265.798818
2.337 1701039265.8984988
2.325 1701039265.998874
2.315 1701039266.0897887
2.334 1701039266.18436
2.342 1701039266.2952182
2.263 1701039266.39004
2.203 1701039266.4845953
2.212 1701039266.5950654
2.323 1701039266.6890478
2.317 1701039266.7952657
2.321 1701039266.8894432
2.298 1701039266.9842057
2.33 1701039267.0950437
2.322 1701039267.1889718
2.32 1701039267.2972608
2.319 1701039267.3986428
2.225 1701039267.496229
2.314 1701039267.5962145
2.31 1701039267.6982772
2.258 1701039267.7976863
2.149 1701039267.8930566
2.303 1701039267.9985282
2.315 1701039268.0986297
2.323 1701039268.1930144
2.302 1701039268.299141
2.201 1701039268.3983064
2.315 1701039268.4986074
2.323 1701039268.5990293
2.29 1701039268.695375
2.338 1701039268.796614
2.314 1701039268.8915362
2.314 1701039268.9997349
2.288 1701039269.09825
2.259 1701039269.1936333
2.3 1701039269.2890406
2.322 1701039269.3957791
2.346 1701039269.4982662
2.343 1701039269.5983703
2.255 1701039269.6932614
2.336 1701039269.7984443
2.34 1701039269.8983605
2.25 1701039269.9912283
2.229 1701039270.099161
2.321 1701039270.1947515
2.335 1701039270.289557
2.273 1701039270.3846338
2.335 1701039270.4960005
2.299 1701039270.5913234
2.267 1701039270.6854918
2.279 1701039270.7879279
2.241 1701039270.898083
2.221 1701039270.993085
2.306 1701039271.0877187
2.303 1701039271.1983066
2.181 1701039271.2934413
2.156 1701039271.3884678
2.279 1701039271.498656
2.345 1701039271.5933278
2.198 1701039271.6884406
2.243 1701039271.798454
2.276 1701039271.8930788
2.284 1701039271.9880538
2.209 1701039272.098228
2.219 1701039272.1927795
2.27 1701039272.2877371
2.28 1701039272.3990679
2.289 1701039272.4930193
2.31 1701039272.6000993
2.293 1701039272.695958
2.337 1701039272.7905245
2.307 1701039272.894941
2.321 1701039272.9988787
2.324 1701039273.098287
2.31 1701039273.1982503
2.278 1701039273.298126
2.248 1701039273.3981931
2.333 1701039273.498741
2.281 1701039273.5936763
2.338 1701039273.6981874
2.256 1701039273.7940974
2.294 1701039273.8980663
2.275 1701039273.9919636
2.296 1701039274.0871136
2.131 1701039274.1997266
2.194 1701039274.2884202
2.303 1701039274.3982944
2.323 1701039274.4933789
2.3 1701039274.5888965
2.232 1701039274.6942089
2.298 1701039274.7895236
2.308 1701039274.8842826
2.32 1701039274.9945214
2.191 1701039275.089045
2.243 1701039275.1946728
2.292 1701039275.2983444
2.173 1701039275.3929396
2.239 1701039275.4877098
2.283 1701039275.5988836
2.344 1701039275.6944227
2.296 1701039275.7885797
2.197 1701039275.8938205
2.173 1701039275.9883428
2.34 1701039276.0988152
2.225 1701039276.1937377
2.244 1701039276.2972283
2.319 1701039276.3914127
2.265 1701039276.4859285
2.264 1701039276.5961535
2.275 1701039276.6906145
2.313 1701039276.7850919
2.276 1701039276.8956783
2.23 1701039276.9907508
2.283 1701039277.0856984
2.29 1701039277.1951427
2.336 1701039277.2933304
2.302 1701039277.393222
2.337 1701039277.4938958
2.338 1701039277.5884132
2.229 1701039277.6863747
2.241 1701039277.7968144
2.255 1701039277.8914247
2.328 1701039277.9944787
2.302 1701039278.0885124
2.309 1701039278.1855714
2.312 1701039278.2958622
2.308 1701039278.3900957
2.208 1701039278.495968
2.315 1701039278.5905173
2.313 1701039278.693483
2.248 1701039278.7880216
2.207 1701039278.8989947
2.294 1701039278.9982889
2.297 1701039279.0931818
2.299 1701039279.1960638
2.31 1701039279.2905793
2.318 1701039279.3850965
2.295 1701039279.4952989
2.215 1701039279.58975
2.184 1701039279.6933858
2.257 1701039279.7884467
2.305 1701039279.884497
2.201 1701039279.9946992
2.289 1701039280.0991323
2.285 1701039280.1934972
2.332 1701039280.2882414
2.258 1701039280.3990881
2.232 1701039280.4926577
2.226 1701039280.5991523
2.237 1701039280.6925502
2.275 1701039280.7870946
2.272 1701039280.8972754
2.218 1701039280.9918396
2.269 1701039281.09891
2.275 1701039281.1921732
2.172 1701039281.2867374
2.18 1701039281.3964555
2.334 1701039281.4910414
2.258 1701039281.599561
2.256 1701039281.6940827
2.328 1701039281.788641
2.279 1701039281.8987842
2.28 1701039281.9933414
2.21 1701039282.098496
2.32 1701039282.1929636
2.22 1701039282.2875037
2.206 1701039282.3976998
2.278 1701039282.4922087
2.286 1701039282.5867503
2.256 1701039282.6978965
2.276 1701039282.7934854
2.222 1701039282.8836434
2.202 1701039282.9947002
2.281 1701039283.0894258
2.282 1701039283.1944726
2.241 1701039283.2889295
2.337 1701039283.3837202
2.282 1701039283.4944825
2.281 1701039283.5891538
2.286 1701039283.6945512
2.205 1701039283.7973084
2.308 1701039283.8918748
2.209 1701039283.9864466
2.284 1701039284.081088
2.33 1701039284.1912417
2.29 1701039284.2827826
2.29 1701039284.3913736
2.179 1701039284.4859092
2.177 1701039284.580092
2.282 1701039284.6830466
2.282 1701039284.7823672
2.33 1701039284.872481
2.285 1701039284.9820795
2.192 1701039285.0784965
2.32 1701039285.1738136
2.273 1701039285.2688067
2.212 1701039285.3632412
2.247 1701039285.4580383
2.281 1701039285.5526953
2.282 1701039285.6623843
2.28 1701039285.7633133
2.276 1701039285.8522108
2.25 1701039285.9447255
2.213 1701039286.056358
2.318 1701039286.1463516
2.285 1701039286.2492495
2.32 1701039286.3363793
2.291 1701039286.4355228
2.215 1701039286.5408542
2.216 1701039286.6359541
2.342 1701039286.7362037
2.214 1701039286.821106
2.23 1701039286.9308364
2.295 1701039287.02515
2.293 1701039287.1177752
2.295 1701039287.2251306
2.295 1701039287.3198023
2.309 1701039287.4154882
2.296 1701039287.5091307
2.302 1701039287.6178057
2.312 1701039287.7105868
2.314 1701039287.8042743
2.317 1701039287.9143903
2.292 1701039288.0094838
2.194 1701039288.1140554
2.206 1701039288.2086067
2.323 1701039288.303138
2.235 1701039288.4103298
2.32 1701039288.5129952
2.312 1701039288.6156611
2.311 1701039288.7112732
2.306 1701039288.8067133
2.237 1701039288.9013686
2.297 1701039289.0109344
2.294 1701039289.114133
2.301 1701039289.2144773
2.33 1701039289.315279
2.3 1701039289.4143221
2.335 1701039289.5093331
2.312 1701039289.6140287
2.322 1701039289.7076614
2.317 1701039289.8016808
2.206 1701039289.9120326
2.343 1701039290.0065694
2.314 1701039290.1152167
2.321 1701039290.2107928
2.296 1701039290.3056414
2.237 1701039290.4001582
2.316 1701039290.5103292
2.279 1701039290.6140966
2.259 1701039290.7088022
2.341 1701039290.8028195
2.307 1701039290.9129603
2.34 1701039291.0075095
2.303 1701039291.102062
2.174 1701039291.210231
2.291 1701039291.3047895
2.289 1701039291.4149547
2.238 1701039291.5095494
2.286 1701039291.614105
2.285 1701039291.7142103
2.278 1701039291.803969
2.258 1701039291.9148185
2.285 1701039292.0096557
2.286 1701039292.1141186
2.236 1701039292.2095141
2.256 1701039292.3124063
2.283 1701039292.407075
2.326 1701039292.501593
2.339 1701039292.6141732
2.282 1701039292.7060816
2.289 1701039292.8119133
2.245 1701039292.9064314
2.288 1701039293.0009732
2.319 1701039293.1139755
2.155 1701039293.2059796
2.29 1701039293.313919
2.297 1701039293.414972
2.227 1701039293.5038762
2.288 1701039293.61404
2.301 1701039293.7086525
2.254 1701039293.8031685
2.139 1701039293.9109688
2.316 1701039294.0055497
2.312 1701039294.1000662
2.281 1701039294.2094448
2.251 1701039294.3040068
2.339 1701039294.4109516
2.285 1701039294.5057244
2.179 1701039294.6149173
2.23 1701039294.709861
2.28 1701039294.8048584
2.249 1701039294.912024
2.268 1701039295.006706
2.276 1701039295.114031
2.226 1701039295.2055616
2.204 1701039295.3002908
2.269 1701039295.4139712
2.282 1701039295.5058975
2.215 1701039295.6004114
2.16 1701039295.7096012
2.27 1701039295.8041189
2.329 1701039295.9142854
2.272 1701039296.0088005
2.334 1701039296.1137996
2.286 1701039296.2084727
2.204 1701039296.303012
2.233 1701039296.412682
2.284 1701039296.5077076
2.256 1701039296.6138062
2.276 1701039296.7087178
2.278 1701039296.803257
2.336 1701039296.91343
2.209 1701039297.013877
2.124 1701039297.1138213
2.271 1701039297.2085884
2.231 1701039297.3031926
2.199 1701039297.4138207
2.224 1701039297.5086408
2.256 1701039297.6138213
2.255 1701039297.7070692
2.256 1701039297.8019514
2.271 1701039297.9120228
2.279 1701039298.0069814
2.232 1701039298.1137714
2.341 1701039298.2058194
2.289 1701039298.3006084
2.295 1701039298.4142904
2.244 1701039298.505712
2.324 1701039298.6137552
2.304 1701039298.7073247
2.226 1701039298.8018992
2.204 1701039298.9148426
2.213 1701039299.006781
2.306 1701039299.1013737
2.304 1701039299.2017736
2.311 1701039299.311982
2.317 1701039299.4065638
2.339 1701039299.5011258
2.325 1701039299.6135643
2.294 1701039299.7059433
2.32 1701039299.8004656
2.286 1701039299.9106398
2.281 1701039300.0057905
2.346 1701039300.1005025
2.286 1701039300.2102282
2.258 1701039300.313786
2.253 1701039300.413759
2.304 1701039300.5136502
2.243 1701039300.6143646
2.242 1701039300.7136767
2.215 1701039300.8135536
2.183 1701039300.9152994
2.181 1701039301.0135877
2.323 1701039301.1137135
2.272 1701039301.2135558
2.278 1701039301.3135815
2.208 1701039301.4155686
2.273 1701039301.5151105
2.272 1701039301.6137352
2.267 1701039301.7093194
2.223 1701039301.813624
2.265 1701039301.912701
2.274 1701039302.0072908
