2.016 1701040504.1928635
2.038 1701040504.2886853
2.035 1701040504.3997214
2.037 1701040504.4962423
2.037 1701040504.5891821
1.993 1701040504.7001684
2.05 1701040504.7939775
2.027 1701040504.904643
2.024 1701040504.9993632
2.028 1701040505.09439
2.032 1701040505.2042034
2.039 1701040505.2959068
2.046 1701040505.4073377
1.986 1701040505.5097933
2.058 1701040505.605487
2.061 1701040505.700005
2.075 1701040505.8081326
1.972 1701040505.9017005
1.968 1701040505.9972394
1.954 1701040506.1070666
2.03 1701040506.2022228
1.976 1701040506.307168
2.064 1701040506.4022932
2.043 1701040506.4970088
2.079 1701040506.6091182
2.068 1701040506.7123892
2.059 1701040506.8092592
2.07 1701040506.9086876
1.904 1701040507.003187
2.065 1701040507.1144018
1.963 1701040507.2078202
2.032 1701040507.303029
2.057 1701040507.4139156
2.05 1701040507.507265
1.974 1701040507.6165109
2.018 1701040507.7111309
2.074 1701040507.8133519
2.025 1701040507.9176984
1.892 1701040508.0091326
2.036 1701040508.1186967
2.058 1701040508.2215402
2.052 1701040508.3166099
2.066 1701040508.4122927
2.054 1701040508.5146422
2.034 1701040508.613373
2.048 1701040508.7042496
2.082 1701040508.8148165
2.044 1701040508.9177485
2.041 1701040509.0089526
2.038 1701040509.1029968
2.04 1701040509.2137594
1.954 1701040509.3079827
1.954 1701040509.413217
2.034 1701040509.5140467
2.038 1701040509.607218
2.042 1701040509.7020962
2.05 1701040509.8126924
2.071 1701040509.9122465
2.058 1701040510.002192
2.061 1701040510.1092436
2.05 1701040510.2041261
2.059 1701040510.3148785
1.964 1701040510.4125137
2.049 1701040510.5130312
1.97 1701040510.6096008
1.957 1701040510.712217
2.052 1701040510.8156986
2.011 1701040510.9131765
2.059 1701040511.013389
2.064 1701040511.1112192
2.065 1701040511.2068372
2.059 1701040511.318691
2.079 1701040511.4131446
1.972 1701040511.517616
1.997 1701040511.6038005
1.97 1701040511.7086203
2.052 1701040511.8032796
2.028 1701040511.913939
2.032 1701040512.008643
1.976 1701040512.1194193
2.037 1701040512.2098875
2.069 1701040512.3119435
2.041 1701040512.4174
2.049 1701040512.5129623
2.05 1701040512.606945
1.977 1701040512.7116284
2.05 1701040512.8125112
2.063 1701040512.917499
1.989 1701040513.0118585
2.045 1701040513.1217604
2.017 1701040513.215476
1.98 1701040513.3219295
2.054 1701040513.4156597
2.053 1701040513.519493
2.06 1701040513.6143634
2.047 1701040513.7249258
2.065 1701040513.8196542
2.081 1701040513.914197
2.057 1701040514.0247724
1.887 1701040514.1191237
1.957 1701040514.2140357
1.967 1701040514.3253326
1.938 1701040514.419314
1.972 1701040514.5131183
1.953 1701040514.6235125
2.063 1701040514.7186148
2.02 1701040514.81433
2.029 1701040514.90783
2.033 1701040515.0180287
2.065 1701040515.1121073
2.022 1701040515.206523
2.02 1701040515.3175766
1.996 1701040515.4121983
1.971 1701040515.5118372
2.004 1701040515.6150954
2.018 1701040515.7095833
2.022 1701040515.8045435
1.996 1701040515.912267
2.03 1701040516.0075786
1.976 1701040516.1175587
1.935 1701040516.21144
1.99 1701040516.3076296
2.074 1701040516.4119608
2.054 1701040516.5067391
2.021 1701040516.6169658
2.017 1701040516.7129266
2.019 1701040516.806703
2.026 1701040516.9171586
2.033 1701040517.0243402
2.04 1701040517.1186821
2.046 1701040517.2145755
2.038 1701040517.3224673
2.037 1701040517.4169035
2.033 1701040517.5103433
1.893 1701040517.6209657
1.951 1701040517.7164233
1.992 1701040517.8092346
1.92 1701040517.9053779
2.025 1701040518.0109022
2.023 1701040518.121926
2.02 1701040518.2122133
2.073 1701040518.304783
2.024 1701040518.4064124
2.024 1701040518.5122914
2.025 1701040518.6049747
2.026 1701040518.7149136
2.026 1701040518.809105
2.055 1701040518.9038594
2.072 1701040519.014158
2.037 1701040519.1079943
2.069 1701040519.2176507
2.035 1701040519.313843
1.994 1701040519.4078374
1.992 1701040519.5172641
2.037 1701040519.6103032
2.065 1701040519.7046492
2.079 1701040519.814939
2.055 1701040519.9092033
1.968 1701040520.0205371
1.981 1701040520.1149986
1.997 1701040520.207951
2.034 1701040520.3202097
1.99 1701040520.4135494
2.039 1701040520.5088325
2.033 1701040520.6198108
2.038 1701040520.7089314
2.074 1701040520.8126915
2.037 1701040520.9174771
1.937 1701040521.020772
2.048 1701040521.115482
1.943 1701040521.2080767
1.932 1701040521.3117044
1.947 1701040521.4143713
2.008 1701040521.5102625
2.017 1701040521.606228
2.05 1701040521.7124176
2.023 1701040521.80629
1.993 1701040521.9144473
2.045 1701040522.0208354
2.049 1701040522.1151726
1.998 1701040522.2101388
2.049 1701040522.3211608
2.02 1701040522.4197628
2.024 1701040522.5200086
2.029 1701040522.6074352
2.058 1701040522.7179143
1.904 1701040522.809719
1.93 1701040522.9198034
1.952 1701040523.0089183
2.046 1701040523.1192255
2.023 1701040523.222683
2.069 1701040523.3111384
2.05 1701040523.421922
1.976 1701040523.5088644
2.024 1701040523.620859
1.967 1701040523.7100282
2.02 1701040523.8120387
2.02 1701040523.908892
2.016 1701040524.0205543
2.068 1701040524.116208
2.019 1701040524.2122383
2.017 1701040524.306992
1.978 1701040524.411375
2.053 1701040524.5120208
2.038 1701040524.6174598
2.042 1701040524.7131639
2.042 1701040524.808662
1.966 1701040524.9104693
1.982 1701040525.0049026
2.036 1701040525.1159246
2.075 1701040525.2098815
2.058 1701040525.3061824
2.084 1701040525.4144027
2.053 1701040525.5084248
1.99 1701040525.618873
1.943 1701040525.713445
2.034 1701040525.8079367
2.076 1701040525.9172404
2.045 1701040526.0086296
1.993 1701040526.1196713
2.03 1701040526.2139544
1.976 1701040526.3096523
2.034 1701040526.4194574
2.033 1701040526.5104725
2.034 1701040526.620256
2.034 1701040526.7201586
1.937 1701040526.8200862
2.022 1701040526.9116278
2.017 1701040527.0154524
2.018 1701040527.1107583
2.024 1701040527.2122805
2.034 1701040527.310913
2.031 1701040527.4108474
1.987 1701040527.5115366
1.932 1701040527.6108859
2.063 1701040527.7153552
2.026 1701040527.8108006
2.034 1701040527.9128845
2.032 1701040528.016145
2.031 1701040528.1123788
1.986 1701040528.2151995
1.959 1701040528.312235
2.034 1701040528.420023
2.044 1701040528.5110433
2.05 1701040528.6113536
2.051 1701040528.7216394
1.976 1701040528.816571
2.038 1701040528.9116197
1.984 1701040529.0210092
2.042 1701040529.1139367
2.061 1701040529.222553
2.06 1701040529.3182964
1.957 1701040529.4128404
1.997 1701040529.522584
1.936 1701040529.617766
1.954 1701040529.7123132
2.035 1701040529.8211515
2.057 1701040529.9126
2.078 1701040530.0199244
2.062 1701040530.1150897
2.084 1701040530.2132378
2.028 1701040530.319784
2.048 1701040530.4148424
2.082 1701040530.5135124
2.044 1701040530.6137247
2.07 1701040530.716036
1.943 1701040530.8141184
2.066 1701040530.9180055
1.994 1701040531.0146458
2.046 1701040531.1149492
2.062 1701040531.21968
2.059 1701040531.315185
2.078 1701040531.419587
2.054 1701040531.5157356
2.022 1701040531.61605
2.054 1701040531.7209725
2.055 1701040531.8164086
2.059 1701040531.919834
2.042 1701040532.0165248
2.076 1701040532.1246264
2.053 1701040532.2189403
2.031 1701040532.317678
2.072 1701040532.421674
2.063 1701040532.5177917
1.984 1701040532.617915
2.034 1701040532.7219603
1.928 1701040532.818091
1.891 1701040532.9181254
1.908 1701040533.0183933
1.951 1701040533.1183662
2.052 1701040533.218707
2.055 1701040533.3185935
2.062 1701040533.4173021
1.956 1701040533.5171602
1.979 1701040533.6042397
1.996 1701040533.7162058
2.008 1701040533.809846
2.196 1701040533.9127762
2.015 1701040534.0202413
1.997 1701040534.1201491
2.084 1701040534.2202036
1.973 1701040534.320174
2.021 1701040534.420205
2.028 1701040534.5202456
2.043 1701040534.6202314
2.068 1701040534.7202127
2.053 1701040534.8204718
1.96 1701040534.920423
2.056 1701040535.0208
2.076 1701040535.1225734
2.044 1701040535.2211194
2.065 1701040535.3213322
2.064 1701040535.4213164
1.974 1701040535.5212853
2.022 1701040535.6215198
1.991 1701040535.7092266
2.035 1701040535.8043282
2.058 1701040535.9155042
2.062 1701040536.0136878
1.953 1701040536.1114836
2.03 1701040536.2110753
1.95 1701040536.304452
2.035 1701040536.4109795
2.042 1701040536.503352
1.969 1701040536.6082761
2.03 1701040536.7181547
2.082 1701040536.8132534
2.054 1701040536.9094646
2.027 1701040537.0187874
1.921 1701040537.109856
2.028 1701040537.2202582
2.081 1701040537.3159542
2.038 1701040537.4106822
2.039 1701040537.5133033
2.044 1701040537.6109169
2.042 1701040537.719234
2.032 1701040537.8146071
1.976 1701040537.9083917
2.048 1701040538.0181484
2.042 1701040538.1129978
2.061 1701040538.2088819
2.021 1701040538.31987
1.996 1701040538.4224412
2.021 1701040538.5112538
2.008 1701040538.6212332
2.042 1701040538.7116873
2.038 1701040538.8209894
2.059 1701040538.9159286
2.064 1701040539.0105815
2.052 1701040539.1212816
2.061 1701040539.2108119
2.008 1701040539.3053136
2.067 1701040539.416186
2.012 1701040539.5085032
2.012 1701040539.6045835
2.024 1701040539.7128835
2.058 1701040539.805721
2.063 1701040539.9159105
1.982 1701040540.0105467
2.008 1701040540.121147
1.976 1701040540.216303
2.031 1701040540.3098657
1.973 1701040540.420004
2.039 1701040540.5152187
2.047 1701040540.6105115
1.963 1701040540.719771
1.973 1701040540.81049
1.945 1701040540.920761
2.08 1701040541.0149343
1.996 1701040541.1115
2.022 1701040541.2203891
2.022 1701040541.3168192
2.026 1701040541.4116056
2.055 1701040541.5186932
2.023 1701040541.6135125
2.031 1701040541.7181883
2.075 1701040541.8184547
2.034 1701040541.9120274
1.992 1701040542.0206742
1.997 1701040542.1137316
1.917 1701040542.2103
2.025 1701040542.3107007
2.037 1701040542.4089093
2.072 1701040542.5117621
2.032 1701040542.6113749
2.04 1701040542.7124631
2.046 1701040542.8137462
2.026 1701040542.9082327
2.039 1701040543.0188127
2.037 1701040543.113585
1.949 1701040543.2108264
1.979 1701040543.319916
1.978 1701040543.4150884
2.016 1701040543.5168781
2.027 1701040543.6101816
2.034 1701040543.7205617
2.04 1701040543.8160791
2.055 1701040543.9109373
2.059 1701040544.021642
1.968 1701040544.1161425
2.07 1701040544.2126186
1.961 1701040544.3215704
1.988 1701040544.415894
2.036 1701040544.5101974
1.956 1701040544.6215513
2.036 1701040544.7167017
2.074 1701040544.8106613
2.038 1701040544.9195232
2.045 1701040545.0144548
2.056 1701040545.106716
2.053 1701040545.2179267
1.978 1701040545.3156607
1.896 1701040545.4171767
1.896 1701040545.5161626
1.967 1701040545.6083465
1.969 1701040545.7038462
2.054 1701040545.8137639
1.992 1701040545.90801
1.989 1701040546.0186715
2.049 1701040546.108954
2.072 1701040546.2192318
2.072 1701040546.314623
2.026 1701040546.4093924
2.025 1701040546.5201821
1.956 1701040546.614457
2.013 1701040546.7222579
2.007 1701040546.8173046
1.993 1701040546.9124067
1.966 1701040547.0230062
2.017 1701040547.1180847
2.026 1701040547.2223334
2.025 1701040547.3180737
2.058 1701040547.4127285
1.954 1701040547.5234065
2.035 1701040547.624275
1.998 1701040547.7252626
2.065 1701040547.8192277
2.035 1701040547.9227085
2.035 1701040548.0182405
2.034 1701040548.1130378
1.963 1701040548.212652
1.993 1701040548.3065596
1.934 1701040548.4179692
1.94 1701040548.505973
2.035 1701040548.6170375
2.048 1701040548.7114882
2.029 1701040548.816261
2.036 1701040548.9167824
2.075 1701040549.011598
2.041 1701040549.1215065
2.058 1701040549.2159595
2.062 1701040549.3093762
2.046 1701040549.4191997
2.033 1701040549.5132518
2.029 1701040549.622738
2.028 1701040549.718423
1.984 1701040549.809917
1.955 1701040549.9204192
2.045 1701040550.0157342
2.068 1701040550.113526
2.075 1701040550.2200944
2.038 1701040550.314271
2.045 1701040550.421386
2.044 1701040550.515955
2.071 1701040550.6109765
2.052 1701040550.7070122
2.056 1701040550.8172493
2.059 1701040550.9071534
2.335 1701040551.0106428
2.09 1701040551.1108747
2.158 1701040551.2166429
2.104 1701040551.3122067
2.112 1701040551.4171972
2.112 1701040551.5161285
2.13 1701040551.6141727
2.143 1701040551.7144434
2.055 1701040551.8039732
2.018 1701040551.9136956
2.083 1701040552.01148
2.139 1701040552.116113
2.076 1701040552.2112668
2.072 1701040552.3055513
1.989 1701040552.4159558
2.008 1701040552.5068905
2.059 1701040552.616677
1.9 1701040552.7121422
1.971 1701040552.8074217
1.966 1701040552.9021385
2.062 1701040553.0119658
2.059 1701040553.1193383
2.059 1701040553.207214
2.042 1701040553.317813
2.079 1701040553.4128716
2.071 1701040553.509605
2.044 1701040553.6202607
2.069 1701040553.7156444
2.042 1701040553.8104618
2.039 1701040553.9131706
2.063 1701040554.017379
1.984 1701040554.107219
2.039 1701040554.2169878
2.037 1701040554.3110044
1.942 1701040554.4101357
1.962 1701040554.516475
2.043 1701040554.607854
2.035 1701040554.718371
2.073 1701040554.813197
2.043 1701040554.9095733
2.054 1701040555.016888
2.042 1701040555.1101174
2.072 1701040555.2207558
2.043 1701040555.3176527
2.043 1701040555.4111006
2.048 1701040555.5212386
2.052 1701040555.6165164
2.029 1701040555.7062514
2.054 1701040555.8163512
2.024 1701040555.9103813
2.045 1701040556.0206716
1.883 1701040556.1152413
1.989 1701040556.221734
2.037 1701040556.316894
2.049 1701040556.413178
1.89 1701040556.521786
2.065 1701040556.6165905
2.036 1701040556.710337
1.981 1701040556.819298
1.994 1701040556.9101617
2.083 1701040557.020252
2.023 1701040557.1151278
2.015 1701040557.2104008
2.02 1701040557.3207154
2.078 1701040557.4159815
2.027 1701040557.5181298
2.057 1701040557.6061597
2.057 1701040557.716031
1.916 1701040557.8076277
2.036 1701040557.9176652
1.989 1701040558.0121064
2.021 1701040558.1064603
1.94 1701040558.2106485
2.06 1701040558.3190823
2.027 1701040558.4131532
1.958 1701040558.5149012
2.08 1701040558.6093833
2.04 1701040558.7188501
2.04 1701040558.8095567
2.081 1701040558.9209976
2.059 1701040559.0147295
2.039 1701040559.124526
2.081 1701040559.2190742
2.039 1701040559.3131258
2.082 1701040559.4226737
2.076 1701040559.516591
1.953 1701040559.6113153
2.034 1701040559.7064672
2.056 1701040559.8164556
1.932 1701040559.9153135
2.047 1701040560.0123196
2.05 1701040560.1041834
2.05 1701040560.2070422
2.058 1701040560.3107064
1.978 1701040560.408154
1.977 1701040560.503268
2.024 1701040560.6134071
2.023 1701040560.708061
2.076 1701040560.8184042
2.024 1701040560.9127975
2.064 1701040561.0216448
2.019 1701040561.1166036
2.065 1701040561.2100224
2.071 1701040561.3204446
2.075 1701040561.41515
2.038 1701040561.506868
2.044 1701040561.616571
1.984 1701040561.7111528
2.045 1701040561.8061125
2.053 1701040561.9163811
2.053 1701040562.023828
2.069 1701040562.1184254
2.042 1701040562.2131767
2.025 1701040562.3221893
2.031 1701040562.4164886
1.978 1701040562.5257354
1.975 1701040562.6209288
1.911 1701040562.72627
2.031 1701040562.821039
1.992 1701040562.9158425
2.023 1701040563.010206
2.022 1701040563.1215315
2.017 1701040563.209994
2.065 1701040563.319388
2.048 1701040563.4140801
2.072 1701040563.5110753
2.019 1701040563.6098914
2.023 1701040563.716707
2.027 1701040563.8065155
2.047 1701040563.9104297
2.034 1701040564.0128477
2.046 1701040564.107745
