2.474 1701038623.1444533
2.384 1701038623.2425761
2.508 1701038623.3334086
2.471 1701038623.434805
2.448 1701038623.53365
2.499 1701038623.6246154
2.499 1701038623.7295098
2.605 1701038623.8301582
2.466 1701038623.9246576
2.463 1701038624.030386
2.393 1701038624.1256094
2.495 1701038624.2247493
2.489 1701038624.3248591
2.421 1701038624.4237716
2.489 1701038624.5251174
2.488 1701038624.6248426
2.485 1701038624.7235775
2.487 1701038624.821356
2.468 1701038624.9138613
2.471 1701038625.0208216
2.489 1701038625.1165202
2.496 1701038625.214473
2.504 1701038625.3148754
2.495 1701038625.416367
2.503 1701038625.5138867
2.497 1701038625.6158547
2.417 1701038625.7133977
2.368 1701038625.8136365
2.488 1701038625.91287
2.507 1701038626.0038774
2.507 1701038626.1035638
2.503 1701038626.2049656
2.485 1701038626.3037658
2.467 1701038626.406044
2.507 1701038626.504799
2.399 1701038626.6027544
2.429 1701038626.6948087
2.455 1701038626.7949004
2.49 1701038626.8936262
2.489 1701038626.9946494
2.471 1701038627.096786
2.478 1701038627.1936424
2.43 1701038627.294892
2.341 1701038627.3927639
2.391 1701038627.4886715
2.468 1701038627.5837069
2.458 1701038627.683735
2.49 1701038627.7835922
2.424 1701038627.8744893
2.384 1701038627.9765813
2.444 1701038628.0734859
2.518 1701038628.172495
2.42 1701038628.264706
2.387 1701038628.3650506
2.445 1701038628.4634013
2.454 1701038628.5549092
2.453 1701038628.6548994
2.459 1701038628.7535388
2.426 1701038628.8528726
2.413 1701038628.9436455
2.425 1701038629.0471573
2.395 1701038629.1434963
2.413 1701038629.2377605
2.414 1701038629.3355508
2.502 1701038629.433583
2.458 1701038629.5238428
2.458 1701038629.629194
2.46 1701038629.7248576
2.456 1701038629.826933
2.465 1701038629.9234633
2.47 1701038630.0245948
2.346 1701038630.1253583
2.377 1701038630.2238276
2.388 1701038630.3186471
2.436 1701038630.418894
2.441 1701038630.519047
2.442 1701038630.6153007
2.42 1701038630.7137678
2.517 1701038630.8150237
2.519 1701038630.9134266
2.512 1701038631.0134196
2.501 1701038631.107947
2.465 1701038631.2034812
2.516 1701038631.3045907
2.465 1701038631.4036028
2.397 1701038631.503648
2.413 1701038631.602735
2.384 1701038631.7026331
2.503 1701038631.7989593
2.473 1701038631.8973107
2.473 1701038631.99381
2.513 1701038632.0949345
2.396 1701038632.1937547
2.364 1701038632.2925026
2.337 1701038632.383549
2.451 1701038632.4837627
2.37 1701038632.5853093
2.364 1701038632.6834795
2.341 1701038632.7764835
2.422 1701038632.8737435
2.405 1701038632.9735398
2.427 1701038633.0725176
2.438 1701038633.1650176
2.45 1701038633.2673433
2.446 1701038633.3634315
2.385 1701038633.464587
2.434 1701038633.5625832
2.43 1701038633.6551113
2.436 1701038633.755146
2.377 1701038633.853576
2.402 1701038633.950677
2.443 1701038634.0462072
2.449 1701038634.144516
2.384 1701038634.2427886
2.462 1701038634.3349142
2.517 1701038634.4335911
2.507 1701038634.53354
2.467 1701038634.62722
2.467 1701038634.7234442
2.458 1701038634.824817
2.364 1701038634.9237847
2.387 1701038635.0238469
2.445 1701038635.1249907
2.406 1701038635.2234843
2.366 1701038635.3238888
2.435 1701038635.4248478
2.374 1701038635.523566
2.448 1701038635.6225734
2.503 1701038635.7192676
2.449 1701038635.813515
2.501 1701038635.9163983
2.459 1701038636.0148573
2.42 1701038636.1134584
2.36 1701038636.2136438
2.445 1701038636.3126016
2.445 1701038636.408267
2.339 1701038636.5035627
2.494 1701038636.6038346
2.45 1701038636.7077188
2.511 1701038636.8085277
2.467 1701038636.9038708
2.489 1701038637.0048246
2.48 1701038637.1027496
2.471 1701038637.202257
2.418 1701038637.29479
2.478 1701038637.3957882
2.417 1701038637.494893
2.398 1701038637.5948927
2.454 1701038637.6927485
2.461 1701038637.784573
2.461 1701038637.8896644
2.519 1701038637.9849756
2.473 1701038638.082585
2.475 1701038638.174512
2.484 1701038638.2758477
2.495 1701038638.374292
2.479 1701038638.4699147
2.477 1701038638.5653691
2.474 1701038638.6644511
2.39 1701038638.7635245
2.427 1701038638.8617218
2.47 1701038638.9546847
2.472 1701038639.0538855
2.48 1701038639.1528761
2.484 1701038639.2447553
2.493 1701038639.3445773
2.499 1701038639.4437912
2.501 1701038639.5417309
2.504 1701038639.6344724
2.514 1701038639.7345946
2.517 1701038639.8252575
2.502 1701038639.9303136
2.508 1701038640.0260534
2.508 1701038640.1254659
2.439 1701038640.225401
2.332 1701038640.3254354
2.51 1701038640.4255826
2.514 1701038640.5255651
2.519 1701038640.6236782
2.598 1701038640.722683
2.528 1701038640.818024
2.536 1701038640.9134662
2.537 1701038641.0149794
2.542 1701038641.116297
2.486 1701038641.2135522
2.492 1701038641.3135078
2.466 1701038641.4133966
2.501 1701038641.5113826
2.513 1701038641.6049712
2.497 1701038641.7051654
2.484 1701038641.804539
2.501 1701038641.9047143
2.518 1701038642.0028284
2.583 1701038642.1011539
2.477 1701038642.1964836
2.6 1701038642.297381
2.51 1701038642.3948402
2.599 1701038642.4937189
2.532 1701038642.5927458
2.528 1701038642.683757
2.532 1701038642.7848098
2.541 1701038642.8845756
2.545 1701038642.982544
2.582 1701038643.07826
2.57 1701038643.17359
2.562 1701038643.273884
2.418 1701038643.3666108
2.369 1701038643.464927
2.356 1701038643.5635924
2.381 1701038643.6626446
2.462 1701038643.7583246
2.403 1701038643.8587017
2.505 1701038643.9547698
2.375 1701038644.0535827
2.486 1701038644.144977
2.472 1701038644.2468734
2.481 1701038644.3438733
2.479 1701038644.4437468
2.489 1701038644.53722
2.479 1701038644.6348433
2.476 1701038644.733639
2.483 1701038644.8276186
2.483 1701038644.9276187
2.513 1701038645.027556
2.513 1701038645.1313608
2.421 1701038645.2279499
2.416 1701038645.327984
2.494 1701038645.4278784
2.501 1701038645.5234668
2.279 1701038645.623468
2.4 1701038645.7245126
2.404 1701038645.8235934
2.5 1701038645.9148083
2.363 1701038646.02254
2.49 1701038646.1178992
2.48 1701038646.2149482
2.401 1701038646.3157804
2.501 1701038646.4142725
2.451 1701038646.5161383
2.45 1701038646.6136997
2.458 1701038646.7129261
2.471 1701038646.811096
2.484 1701038646.906248
2.488 1701038647.0047328
2.49 1701038647.1035082
2.51 1701038647.2051384
2.518 1701038647.3046186
2.507 1701038647.4036593
2.594 1701038647.4946432
2.511 1701038647.6001017
2.448 1701038647.6938076
2.541 1701038647.797076
2.588 1701038647.894282
2.495 1701038647.9929037
2.557 1701038648.0837274
2.553 1701038648.183789
2.468 1701038648.2847645
2.584 1701038648.3827763
2.488 1701038648.479233
2.535 1701038648.573854
2.534 1701038648.6747935
2.533 1701038648.7716477
2.535 1701038648.8651206
2.595 1701038648.96491
2.544 1701038649.0627317
2.553 1701038649.156821
2.571 1701038649.253832
2.571 1701038649.3537555
2.571 1701038649.4516037
2.565 1701038649.547262
2.563 1701038649.6434453
2.591 1701038649.7425447
2.502 1701038649.8404875
2.564 1701038649.933825
2.568 1701038650.0337522
2.576 1701038650.129587
2.576 1701038650.2296562
2.585 1701038650.3282328
2.57 1701038650.4234257
2.573 1701038650.5246875
2.56 1701038650.6235888
2.556 1701038650.7227468
2.467 1701038650.8134515
2.557 1701038650.914877
2.555 1701038651.0146008
2.56 1701038651.1185691
2.568 1701038651.2138
2.574 1701038651.3158016
2.578 1701038651.4138794
2.585 1701038651.5126317
2.398 1701038651.6109684
2.518 1701038651.703451
2.409 1701038651.8084643
2.429 1701038651.9033985
2.452 1701038652.0037253
2.545 1701038652.1045763
2.43 1701038652.2027605
2.367 1701038652.3027794
2.365 1701038652.3992815
2.353 1701038652.4998548
2.409 1701038652.5950885
2.506 1701038652.6935449
2.469 1701038652.7936885
2.416 1701038652.89495
2.363 1701038652.9935434
2.431 1701038653.0928233
2.44 1701038653.1843374
2.441 1701038653.2839518
2.449 1701038653.3849502
2.392 1701038653.482915
2.384 1701038653.5747259
2.436 1701038653.6735036
2.441 1701038653.7737203
2.458 1701038653.863533
2.472 1701038653.9645073
2.485 1701038654.0648317
2.489 1701038654.1607263
2.492 1701038654.256106
2.451 1701038654.3535972
2.5 1701038654.452684
2.408 1701038654.5437324
2.466 1701038654.64478
2.379 1701038654.743589
2.373 1701038654.8344173
2.42 1701038654.9382725
2.41 1701038655.0335653
2.478 1701038655.1326368
2.467 1701038655.2238147
2.467 1701038655.3258688
2.468 1701038655.4274542
2.48 1701038655.5235927
2.494 1701038655.6254253
2.493 1701038655.7235634
2.462 1701038655.8229299
2.464 1701038655.9144633
2.474 1701038656.0226624
2.475 1701038656.114638
2.499 1701038656.216395
2.487 1701038656.3135948
2.4 1701038656.41471
2.496 1701038656.5137038
2.403 1701038656.6074207
2.386 1701038656.7034686
2.427 1701038656.8034894
2.455 1701038656.9046059
2.491 1701038657.0038633
2.461 1701038657.104898
2.367 1701038657.2029707
2.479 1701038657.2935503
2.475 1701038657.3946686
2.419 1701038657.4935594
2.433 1701038657.597339
2.448 1701038657.6949315
2.45 1701038657.7927048
2.448 1701038657.8895044
2.519 1701038657.9843037
2.46 1701038658.0836272
2.431 1701038658.182873
2.477 1701038658.280334
2.48 1701038658.3747776
2.487 1701038658.474652
2.516 1701038658.5648553
2.496 1701038658.6634316
2.508 1701038658.7657087
2.514 1701038658.862591
2.518 1701038658.954832
2.439 1701038659.0548446
2.503 1701038659.153863
2.53 1701038659.2515755
2.49 1701038659.343849
2.434 1701038659.444529
2.498 1701038659.5429723
2.444 1701038659.635797
2.472 1701038659.7357864
2.431 1701038659.8335054
2.506 1701038659.9235032
2.498 1701038660.0237148
2.498 1701038660.1247587
2.397 1701038660.228676
2.473 1701038660.3235247
2.387 1701038660.4250593
2.397 1701038660.5255466
2.459 1701038660.6247442
2.415 1701038660.7227604
2.353 1701038660.8225687
2.395 1701038660.9226153
2.44 1701038661.0237033
2.331 1701038661.1196399
2.394 1701038661.220688
2.433 1701038661.3207457
2.425 1701038661.4135163
2.362 1701038661.5144045
2.336 1701038661.6161115
2.409 1701038661.713824
2.428 1701038661.8115945
2.423 1701038661.9103003
2.425 1701038662.0048635
2.42 1701038662.1038094
2.421 1701038662.2036421
2.425 1701038662.3045342
2.434 1701038662.4045446
2.44 1701038662.5034947
2.384 1701038662.6035247
2.509 1701038662.6944714
2.457 1701038662.7974262
2.46 1701038662.8945193
2.467 1701038662.9937162
2.48 1701038663.094994
2.488 1701038663.1936169
2.496 1701038663.2924805
2.509 1701038663.3876102
2.516 1701038663.4843202
2.483 1701038663.5848405
2.528 1701038663.682628
2.467 1701038663.775918
2.504 1701038663.8737116
2.532 1701038663.9744203
2.535 1701038664.0635135
2.55 1701038664.1635015
2.519 1701038664.264798
2.503 1701038664.354816
2.547 1701038664.4591541
2.546 1701038664.5536442
2.468 1701038664.6527662
2.454 1701038664.743574
2.464 1701038664.8451345
2.514 1701038664.944686
2.437 1701038665.0410883
2.446 1701038665.1351347
2.453 1701038665.2336571
2.352 1701038665.3250597
2.352 1701038665.4236805
2.489 1701038665.5246701
2.379 1701038665.6291292
2.516 1701038665.7234423
2.468 1701038665.8247352
2.39 1701038665.9247
2.456 1701038666.0254366
2.393 1701038666.124587
2.44 1701038666.2247646
2.39 1701038666.3234882
2.44 1701038666.4227536
2.441 1701038666.5184898
2.411 1701038666.6148098
2.438 1701038666.7144864
2.438 1701038666.8134582
2.438 1701038666.9144197
2.422 1701038667.014989
2.431 1701038667.113437
2.451 1701038667.2147346
2.456 1701038667.3136802
2.454 1701038667.40479
2.462 1701038667.5091324
2.512 1701038667.6037517
2.389 1701038667.7035866
2.476 1701038667.8049526
2.487 1701038667.9034579
2.481 1701038668.0034313
2.498 1701038668.09937
2.494 1701038668.195396
2.457 1701038668.2958198
2.509 1701038668.3936367
2.505 1701038668.4936168
2.459 1701038668.5928626
2.517 1701038668.6844318
2.524 1701038668.7891204
2.523 1701038668.88478
2.509 1701038668.9835906
2.488 1701038669.0764835
2.528 1701038669.174978
2.465 1701038669.2748075
2.534 1701038669.3726108
2.45 1701038669.4637456
2.519 1701038669.5637965
2.54 1701038669.6638489
2.537 1701038669.7537045
2.542 1701038669.854775
2.546 1701038669.9537358
2.552 1701038670.0526946
2.562 1701038670.1450334
2.568 1701038670.2455018
2.567 1701038670.3436742
2.566 1701038670.4349387
2.593 1701038670.5347207
2.422 1701038670.6335857
2.566 1701038670.730552
2.566 1701038670.8235102
2.57 1701038670.928603
2.564 1701038671.0245516
2.568 1701038671.1234014
2.578 1701038671.2234101
2.581 1701038671.3258612
2.588 1701038671.4237115
2.595 1701038671.5228539
2.595 1701038671.6225345
2.593 1701038671.7226412
2.589 1701038671.818805
2.479 1701038671.9179444
2.489 1701038672.018089
2.459 1701038672.1150603
2.563 1701038672.2191231
2.575 1701038672.3179023
2.581 1701038672.4146905
2.539 1701038672.5137055
2.603 1701038672.613431
2.597 1701038672.7089257
2.511 1701038672.8068876
2.468 1701038672.908605
2.502 1701038673.005286
2.56 1701038673.105789
2.431 1701038673.2048578
2.544 1701038673.305469
2.547 1701038673.4035254
2.559 1701038673.502635
2.509 1701038673.5938785
2.575 1701038673.6948938
2.586 1701038673.7999408
2.444 1701038673.8938682
2.467 1701038673.9968622
2.544 1701038674.0947254
2.474 1701038674.1928966
2.525 1701038674.2881846
2.501 1701038674.3844256
2.468 1701038674.485079
2.528 1701038674.5835054
2.5 1701038674.675124
2.534 1701038674.7780356
2.532 1701038674.8764215
2.404 1701038674.9735222
2.386 1701038675.063787
2.41 1701038675.1645987
2.501 1701038675.2635665
2.467 1701038675.3547814
2.481 1701038675.456811
2.467 1701038675.5562778
2.476 1701038675.6527777
2.508 1701038675.7487752
2.479 1701038675.8453906
2.368 1701038675.9436579
2.36 1701038676.0334337
2.368 1701038676.1335201
2.453 1701038676.234536
2.45 1701038676.3236792
2.45 1701038676.4247482
2.451 1701038676.5290651
2.463 1701038676.6237955
2.473 1701038676.7268608
2.482 1701038676.8238778
2.515 1701038676.9234195
2.354 1701038677.0228379
2.364 1701038677.1138134
2.427 1701038677.2202985
2.469 1701038677.3162158
2.427 1701038677.4138792
2.516 1701038677.5147324
2.467 1701038677.6135504
2.509 1701038677.7048388
2.482 1701038677.8057442
2.478 1701038677.9038768
2.376 1701038678.0045779
2.465 1701038678.1040769
2.455 1701038678.2037175
2.456 1701038678.3030493
2.459 1701038678.3985097
2.514 1701038678.4945738
2.47 1701038678.593706
2.415 1701038678.6935775
2.518 1701038678.7946396
2.492 1701038678.8948946
2.488 1701038678.9949353
2.49 1701038679.0926626
2.496 1701038679.18349
2.388 1701038679.2881513
2.39 1701038679.3835928
2.484 1701038679.483587
2.5 1701038679.5735273
2.409 1701038679.6754339
2.512 1701038679.7735312
2.492 1701038679.8636162
2.412 1701038679.9647925
2.499 1701038680.0644891
2.416 1701038680.1627233
2.473 1701038680.2598646
2.392 1701038680.3547604
2.464 1701038680.4556012
2.457 1701038680.5528896
2.458 1701038680.644851
2.461 1701038680.747466
2.473 1701038680.8436086
2.481 1701038680.933826
2.431 1701038681.0374732
2.416 1701038681.1356306
2.42 1701038681.227678
2.42 1701038681.3263059
2.488 1701038681.4235902
2.468 1701038681.5285854
2.471 1701038681.6236992
2.392 1701038681.7234898
2.472 1701038681.8249369
2.397 1701038681.9245405
2.482 1701038682.0237603
2.481 1701038682.12273
2.368 1701038682.2193134
2.502 1701038682.3149621
2.47 1701038682.4148943
2.472 1701038682.51501
2.475 1701038682.6147654
2.484 1701038682.7144866
2.419 1701038682.8143287
2.507 1701038682.9118156
2.492 1701038683.0061822
2.512 1701038683.1048784
