3.869 1699047456.7687652
4.627 1699047456.8655934
3.549 1699047456.96605
3.582 1699047457.066315
3.628 1699047457.1665983
4.263 1699047457.268302
3.702 1699047457.368677
3.739 1699047457.4671857
3.726 1699047457.5672445
3.741 1699047457.6698174
3.72 1699047457.7704349
3.731 1699047457.868968
3.766 1699047457.9674606
3.661 1699047458.0677848
3.765 1699047458.1695673
3.818 1699047458.270417
3.753 1699047458.3707232
3.791 1699047458.4687588
3.796 1699047458.5690541
3.818 1699047458.6691968
3.819 1699047458.7705455
3.797 1699047458.8707254
3.736 1699047458.969381
3.796 1699047459.0693486
3.691 1699047459.1694279
3.79 1699047459.267288
3.797 1699047459.3685138
3.72 1699047459.4684792
3.801 1699047459.5633044
3.817 1699047459.6577528
3.817 1699047459.7689612
3.825 1699047459.867241
3.845 1699047459.969321
3.857 1699047460.0636487
3.865 1699047460.158079
3.884 1699047460.269166
4.438 1699047460.3674078
3.926 1699047460.4703956
3.943 1699047460.5632193
3.952 1699047460.6580644
3.976 1699047460.7703598
3.909 1699047460.8691993
3.633 1699047460.9639795
3.749 1699047461.0643272
3.709 1699047461.1587656
3.848 1699047461.2710536
3.847 1699047461.369233
3.861 1699047461.4640133
3.799 1699047461.5647676
3.62 1699047461.6593027
3.925 1699047461.7672956
3.932 1699047461.854512
4.497 1699047461.9646037
3.923 1699047462.0682106
3.924 1699047462.1602464
3.932 1699047462.2687654
3.927 1699047462.3549173
3.948 1699047462.4652545
3.533 1699047462.560483
4.495 1699047462.6608443
3.476 1699047462.7706053
4.516 1699047462.8612027
3.523 1699047462.9562168
4.024 1699047463.0665596
3.272 1699047463.1675003
4.031 1699047463.2713573
3.412 1699047463.364261
3.998 1699047463.4593294
3.964 1699047463.569678
3.742 1699047463.67365
3.749 1699047463.7731528
3.74 1699047463.865674
3.785 1699047463.960206
3.791 1699047464.0703979
3.778 1699047464.1680183
3.816 1699047464.2711809
3.801 1699047464.3641043
3.68 1699047464.4588215
3.798 1699047464.5697882
3.73 1699047464.664489
3.819 1699047464.7706318
3.79 1699047464.8610723
3.823 1699047464.9559195
4.22 1699047465.0658503
3.802 1699047465.1635587
3.804 1699047465.2703671
3.674 1699047465.3628492
3.8 1699047465.4576719
3.81 1699047465.568018
3.813 1699047465.6629376
3.817 1699047465.7713296
3.701 1699047465.8586893
3.812 1699047465.9684927
3.801 1699047466.063296
3.715 1699047466.158309
3.822 1699047466.2706122
3.708 1699047466.3556821
3.707 1699047466.4676764
3.816 1699047466.5609932
4.119 1699047466.6717696
