3.13 1699054186.1048172
2.923 1699054186.1993663
2.612 1699054186.309589
2.512 1699054186.398418
1.89 1699054186.5090039
1.823 1699054186.6056175
1.878 1699054186.7000082
1.969 1699054186.8102994
1.909 1699054186.9069078
1.85 1699054187.0094347
1.952 1699054187.1050165
2.174 1699054187.1988277
2.313 1699054187.3085213
2.336 1699054187.4032085
2.292 1699054187.5080345
2.242 1699054187.6024525
2.237 1699054187.6971648
3.117 1699054187.806944
3.115 1699054187.9012573
3.103 1699054188.0059626
3.059 1699054188.103896
2.415 1699054188.1987033
1.947 1699054188.293796
2.328 1699054188.4043415
2.323 1699054188.506225
1.78 1699054188.603513
1.828 1699054188.6985862
2.304 1699054188.7937925
1.849 1699054188.903718
2.129 1699054189.0059454
2.411 1699054189.1040592
2.388 1699054189.1987164
2.412 1699054189.2933862
3.047 1699054189.4035108
2.94 1699054189.5061412
2.992 1699054189.6064441
3.081 1699054189.7007687
3.017 1699054189.7959898
3.016 1699054189.8910487
3.009 1699054190.0063684
2.952 1699054190.1058075
3.075 1699054190.20018
2.713 1699054190.294903
2.738 1699054190.4051259
2.453 1699054190.5042164
2.127 1699054190.605294
1.853 1699054190.7002275
1.802 1699054190.8029625
1.819 1699054190.8973417
1.778 1699054191.005187
1.906 1699054191.090994
1.733 1699054191.20369
1.766 1699054191.2974188
1.787 1699054191.39165
1.973 1699054191.5049965
2.404 1699054191.6031725
2.505 1699054191.7024443
2.107 1699054191.7971356
3.351 1699054191.8911521
3.07 1699054192.0061522
3.045 1699054192.1034358
3.125 1699054192.2059195
3.012 1699054192.3003747
3.06 1699054192.3946602
2.93 1699054192.5062592
2.994 1699054192.6038694
2.931 1699054192.6982117
2.92 1699054192.8017683
2.47 1699054192.896429
2.369 1699054193.0067468
2.404 1699054193.1023357
2.017 1699054193.1963916
1.733 1699054193.3020785
1.915 1699054193.3960726
2.243 1699054193.5061455
1.746 1699054193.6041257
1.885 1699054193.6988046
1.74 1699054193.8032622
1.873 1699054193.898148
1.787 1699054194.0070822
1.857 1699054194.1048563
2.137 1699054194.199168
2.382 1699054194.2934394
2.31 1699054194.4009347
2.808 1699054194.506359
3.012 1699054194.6029623
3.06 1699054194.6970274
2.991 1699054194.8067322
3.052 1699054194.9030564
3.315 1699054195.0071383
3.415 1699054195.1049342
2.426 1699054195.1994352
2.41 1699054195.294084
2.448 1699054195.4048076
1.975 1699054195.5066874
1.713 1699054195.6018667
1.793 1699054195.6962514
1.718 1699054195.799257
1.77 1699054195.9036345
1.694 1699054196.0037081
1.694 1699054196.1020072
2.387 1699054196.1961353
2.345 1699054196.3057683
2.31 1699054196.3998103
3.035 1699054196.4936426
3.566 1699054196.6048343
3.273 1699054196.699077
3.183 1699054196.7933214
3.111 1699054196.9036696
3.132 1699054196.9930277
3.135 1699054197.1034207
3.054 1699054197.1976616
2.938 1699054197.3072686
2.754 1699054197.4012759
2.538 1699054197.4938238
2.48 1699054197.6034105
2.294 1699054197.6977
1.792 1699054197.8074312
1.779 1699054197.9014413
1.793 1699054198.0077426
1.917 1699054198.100281
2.171 1699054198.1947522
1.736 1699054198.3055506
1.833 1699054198.3992035
1.778 1699054198.5053906
1.783 1699054198.6035771
1.875 1699054198.697814
2.284 1699054198.792118
2.316 1699054198.901513
2.542 1699054199.0068974
2.919 1699054199.1047332
3.009 1699054199.1989102
3.023 1699054199.2930079
2.947 1699054199.4038224
2.962 1699054199.50612
3.153 1699054199.603894
3.51 1699054199.7012444
3.257 1699054199.7955005
3.019 1699054199.9055328
2.486 1699054200.0078864
2.442 1699054200.1055741
2.42 1699054200.2020788
1.828 1699054200.2972927
1.953 1699054200.4071312
1.767 1699054200.506569
1.819 1699054200.6021435
1.77 1699054200.7041445
1.845 1699054200.7981133
1.727 1699054200.892799
1.815 1699054201.0055814
1.716 1699054201.104494
2.228 1699054201.2060478
2.817 1699054201.3002322
2.471 1699054201.394574
3.033 1699054201.5055692
3.165 1699054201.6028945
3.107 1699054201.69725
3.151 1699054201.8024082
3.054 1699054201.8967302
3.111 1699054202.0068076
3.123 1699054202.105196
3.148 1699054202.199344
3.191 1699054202.3073397
2.749 1699054202.4012978
2.518 1699054202.5068417
2.534 1699054202.6040945
2.145 1699054202.699617
1.961 1699054202.8053112
2.214 1699054202.8999484
1.825 1699054203.0049083
1.586 1699054203.1047108
1.967 1699054203.2030313
1.86 1699054203.2974384
1.761 1699054203.4012032
1.867 1699054203.5055106
1.783 1699054203.6042724
1.994 1699054203.6989267
2.17 1699054203.793455
2.17 1699054203.9030428
2.552 1699054204.0054812
3.07 1699054204.1050317
2.992 1699054204.1997223
2.948 1699054204.2945292
3.29 1699054204.4048448
3.058 1699054204.5066023
2.379 1699054204.6032367
2.351 1699054204.6981258
2.285 1699054204.7927163
1.768 1699054204.9063928
1.806 1699054205.0065184
1.813 1699054205.1064322
1.768 1699054205.1999598
1.868 1699054205.2949
2.363 1699054205.4038024
2.302 1699054205.5064802
2.419 1699054205.6032271
2.944 1699054205.6983829
3.053 1699054205.79401
3.026 1699054205.9049022
3.264 1699054206.0051553
3.039 1699054206.1034992
2.985 1699054206.1987748
2.999 1699054206.29319
3.017 1699054206.4031584
2.997 1699054206.5064893
2.677 1699054206.6052122
2.413 1699054206.700034
2.396 1699054206.794539
2.207 1699054206.9044032
1.736 1699054207.0054154
1.774 1699054207.1002882
1.765 1699054207.1950874
1.809 1699054207.3052564
1.742 1699054207.3994956
1.854 1699054207.5065937
2.126 1699054207.6037476
1.577 1699054207.6983492
1.837 1699054207.7930644
1.811 1699054207.9047236
2.063 1699054208.0063357
2.412 1699054208.105994
2.518 1699054208.2002792
2.973 1699054208.2955954
2.965 1699054208.3902304
2.996 1699054208.5052392
3.01 1699054208.602542
2.975 1699054208.7010806
3.031 1699054208.7959805
3.02 1699054208.8910987
2.956 1699054209.0060704
3.536 1699054209.1036623
3.126 1699054209.2019155
2.615 1699054209.300095
2.387 1699054209.3912556
2.308 1699054209.505205
1.894 1699054209.6060045
1.765 1699054209.7032359
1.814 1699054209.798389
1.754 1699054209.893132
1.684 1699054210.0048313
1.805 1699054210.1016521
1.722 1699054210.2055528
1.689 1699054210.2998245
1.739 1699054210.3945363
1.724 1699054210.504403
1.798 1699054210.6018283
2.784 1699054210.696855
2.557 1699054210.803266
3.049 1699054210.8979053
3.053 1699054211.0050108
3.069 1699054211.102337
2.96 1699054211.1971178
3.088 1699054211.304552
3.107 1699054211.3995075
2.947 1699054211.5042548
3.015 1699054211.6022983
2.305 1699054211.6962934
2.251 1699054211.8058774
1.814 1699054211.9022248
1.826 1699054212.0049622
1.763 1699054212.1016033
1.902 1699054212.196234
2.145 1699054212.291978
1.884 1699054212.4023004
1.898 1699054212.5063574
2.075 1699054212.6049037
2.34 1699054212.6998796
3.022 1699054212.794667
3.048 1699054212.903502
3.128 1699054213.0053203
3.124 1699054213.1037726
3.037 1699054213.1983407
3.236 1699054213.2945967
3.239 1699054213.405531
3.056 1699054213.504948
3.166 1699054213.602106
3.097 1699054213.697104
3.693 1699054213.7922812
3.099 1699054213.9023557
2.49 1699054214.0062969
2.02 1699054214.104402
1.825 1699054214.1991637
1.96 1699054214.2935812
1.815 1699054214.4039521
1.807 1699054214.5061848
1.768 1699054214.602765
1.677 1699054214.6971123
1.875 1699054214.806546
1.816 1699054214.901398
1.708 1699054215.0068665
1.77 1699054215.1019804
1.88 1699054215.2007983
2.489 1699054215.2919931
3.452 1699054215.401654
2.993 1699054215.5058634
2.959 1699054215.6021125
2.995 1699054215.6972792
3.115 1699054215.7931678
2.935 1699054215.902055
3.04 1699054216.0051823
3.004 1699054216.1021712
3.09 1699054216.199561
3.1 1699054216.2944818
2.692 1699054216.4030604
2.404 1699054216.5054884
1.812 1699054216.6047552
1.777 1699054216.6991873
2.155 1699054216.7965934
2.182 1699054216.9038906
2.261 1699054217.006079
1.951 1699054217.105273
1.789 1699054217.2041693
1.78 1699054217.2975202
1.824 1699054217.4058394
1.864 1699054217.5060132
1.96 1699054217.6028492
2.189 1699054217.7023642
2.931 1699054217.7986314
3.041 1699054217.898992
2.932 1699054218.0059822
2.793 1699054218.103918
3.012 1699054218.2057228
3.002 1699054218.29937
2.95 1699054218.3996544
3.609 1699054218.5054374
3.121 1699054218.6014442
3.089 1699054218.7038636
3.053 1699054218.800263
3.027 1699054218.903362
2.764 1699054219.0044227
2.263 1699054219.1021671
1.867 1699054219.2009892
1.873 1699054219.3012726
1.841 1699054219.4013717
1.807 1699054219.5058885
1.796 1699054219.6026897
1.919 1699054219.7018023
1.86 1699054219.8031363
1.88 1699054219.9022753
2.007 1699054220.0069425
2.19 1699054220.1038208
1.855 1699054220.202306
1.853 1699054220.302662
1.878 1699054220.4028149
2.518 1699054220.5066772
2.958 1699054220.6026397
3.045 1699054220.7029676
3.085 1699054220.8056843
3.055 1699054220.9033148
3.038 1699054221.0064876
3.051 1699054221.1049926
2.931 1699054221.2039664
2.3 1699054221.3041432
1.783 1699054221.4041255
1.86 1699054221.50358
2.111 1699054221.604197
1.966 1699054221.7042391
1.846 1699054221.8045065
1.786 1699054221.9049447
1.859 1699054222.0037532
2.452 1699054222.105141
3.02 1699054222.2053473
3.109 1699054222.3052497
3.015 1699054222.4053545
3.046 1699054222.506312
3.012 1699054222.6052184
2.953 1699054222.7053428
3.074 1699054222.8055124
3.016 1699054222.9056523
3.095 1699054223.0064163
3.031 1699054223.1060781
3.545 1699054223.2060928
3.193 1699054223.306382
2.391 1699054223.4067147
1.886 1699054223.5074797
2.181 1699054223.6032212
1.91 1699054223.6979382
1.854 1699054223.7930973
1.831 1699054223.9036925
1.877 1699054224.005583
1.743 1699054224.103851
1.863 1699054224.1988232
1.794 1699054224.2932293
1.904 1699054224.4033582
1.819 1699054224.5055616
1.837 1699054224.601468
2.48 1699054224.6964917
3.454 1699054224.8063524
3.021 1699054224.9002807
3.174 1699054225.0079339
3.078 1699054225.1021204
3.133 1699054225.1971722
3.061 1699054225.306915
3.104 1699054225.4013236
3.019 1699054225.5066175
3.087 1699054225.6025298
2.392 1699054225.6983528
1.821 1699054225.7935972
1.839 1699054225.9033794
1.847 1699054226.005739
1.816 1699054226.1053817
1.769 1699054226.1991742
2.182 1699054226.294256
1.926 1699054226.4044778
1.85 1699054226.5042334
1.866 1699054226.6015987
2.329 1699054226.7001002
3.017 1699054226.7950697
2.938 1699054226.9049664
2.996 1699054227.0055056
2.996 1699054227.1029341
2.947 1699054227.2014685
3.097 1699054227.2973921
2.991 1699054227.3919954
3.069 1699054227.5059025
3.01 1699054227.603733
3.148 1699054227.7054749
3.019 1699054227.7991378
3.523 1699054227.8947613
2.884 1699054228.0056577
1.93 1699054228.1034915
1.904 1699054228.1985154
1.834 1699054228.3001988
1.797 1699054228.3951955
1.772 1699054228.505356
1.821 1699054228.6030614
1.843 1699054228.697935
1.667 1699054228.8025706
1.818 1699054228.8966892
1.791 1699054229.0041585
1.728 1699054229.1015828
1.777 1699054229.1962829
1.858 1699054229.3033247
2.567 1699054229.3977044
3.074 1699054229.505494
3.113 1699054229.6028929
3.044 1699054229.6973705
3.044 1699054229.7919104
3.078 1699054229.9007592
3.123 1699054230.006614
3.083 1699054230.1044612
3.083 1699054230.1987863
3.026 1699054230.293301
2.982 1699054230.4023328
2.708 1699054230.5054739
2.774 1699054230.6028214
1.99 1699054230.6973186
1.809 1699054230.7916243
1.743 1699054230.904246
2.19 1699054231.005491
1.981 1699054231.103311
1.855 1699054231.1976604
1.8 1699054231.2924042
1.768 1699054231.402396
1.77 1699054231.5041435
1.757 1699054231.5992935
1.759 1699054231.694057
1.839 1699054231.8044775
2.076 1699054231.8991027
3.035 1699054232.0052874
2.924 1699054232.1023698
3.059 1699054232.1969905
3.196 1699054232.2912893
3.071 1699054232.4013171
3.303 1699054232.5063682
3.603 1699054232.6030061
3.063 1699054232.6971772
3.039 1699054232.8069665
3.134 1699054232.9010956
3.222 1699054233.0063882
2.821 1699054233.10276
2.412 1699054233.1971214
1.929 1699054233.2922735
1.843 1699054233.4025156
1.891 1699054233.5065532
1.873 1699054233.598283
1.839 1699054233.6929948
1.775 1699054233.8038366
1.843 1699054233.8982654
1.842 1699054234.0051384
2.177 1699054234.1009128
2.137 1699054234.196943
1.751 1699054234.2919734
1.832 1699054234.401859
2.426 1699054234.505136
2.924 1699054234.6037962
3.034 1699054234.6985464
2.972 1699054234.793324
3.048 1699054234.9033163
2.987 1699054235.0050087
3.019 1699054235.1015122
3.046 1699054235.1990972
3.107 1699054235.2938433
2.999 1699054235.404392
2.962 1699054235.5054505
3.045 1699054235.603935
3.473 1699054235.700332
2.856 1699054235.7958868
2.198 1699054235.9059937
1.922 1699054236.0053482
1.788 1699054236.1033254
1.819 1699054236.2045853
1.872 1699054236.2990663
1.829 1699054236.3933825
1.822 1699054236.5057683
1.76 1699054236.6019526
1.806 1699054236.6965923
1.862 1699054236.7993498
1.856 1699054236.8939197
1.765 1699054237.0059226
1.919 1699054237.1034145
2.059 1699054237.197723
2.991 1699054237.300861
3.108 1699054237.3952978
2.995 1699054237.5050797
3.076 1699054237.599591
3.057 1699054237.6940002
3.028 1699054237.803939
3.129 1699054237.8982542
2.43 1699054238.005068
2.124 1699054238.103235
1.718 1699054238.1976051
1.808 1699054238.304708
1.693 1699054238.399618
1.736 1699054238.5050406
1.752 1699054238.6028006
1.62 1699054238.6976142
2.306 1699054238.791847
3.04 1699054238.9009948
2.943 1699054239.0039942
3.113 1699054239.1015446
2.979 1699054239.196298
3.141 1699054239.2901888
3.141 1699054239.4024827
3.025 1699054239.5046306
3.054 1699054239.6010783
3.081 1699054239.695386
3.102 1699054239.8051276
3.038 1699054239.9038146
3.108 1699054240.0068426
2.831 1699054240.1036718
2.319 1699054240.1977699
1.873 1699054240.2925158
2.26 1699054240.4035766
1.951 1699054240.5051615
1.847 1699054240.6035306
1.93 1699054240.6977537
1.795 1699054240.7919722
1.824 1699054240.9019268
1.906 1699054241.0018995
1.894 1699054241.1035774
1.834 1699054241.1978178
1.872 1699054241.2920911
1.823 1699054241.4022994
1.807 1699054241.5069695
2.843 1699054241.6034334
3.012 1699054241.697976
3.008 1699054241.792199
2.99 1699054241.9023907
3.55 1699054242.004614
3.217 1699054242.0985584
3.007 1699054242.1929018
3.099 1699054242.3025064
3.03 1699054242.3972812
3.014 1699054242.5051155
1.94 1699054242.60085
1.801 1699054242.695025
1.806 1699054242.805009
1.761 1699054242.899093
1.869 1699054243.0048869
1.707 1699054243.1028187
1.823 1699054243.1974673
1.841 1699054243.2917829
1.689 1699054243.4023721
2.346 1699054243.5059724
3.154 1699054243.6043708
2.961 1699054243.6983113
3.093 1699054243.7927008
2.917 1699054243.9022646
3.093 1699054244.0059843
3.012 1699054244.1041756
3.044 1699054244.199182
3.097 1699054244.293144
3.097 1699054244.4036336
3.092 1699054244.5045853
2.687 1699054244.600074
3.015 1699054244.699715
2.842 1699054244.793969
2.304 1699054244.9036903
1.853 1699054245.0060053
2.262 1699054245.102269
1.975 1699054245.2033944
1.841 1699054245.2976837
1.862 1699054245.392174
1.92 1699054245.5053074
1.819 1699054245.602827
1.79 1699054245.6972172
1.835 1699054245.7996974
1.82 1699054245.8953245
1.862 1699054246.005987
