2.099 1701038472.3438182
2.098 1701038472.4458191
2.08 1701038472.5437486
2.104 1701038472.637464
2.073 1701038472.7382565
1.994 1701038472.8338149
2.086 1701038472.9259853
2.086 1701038473.0237255
2.081 1701038473.1238625
2.082 1701038473.2271655
2.05 1701038473.325782
2.091 1701038473.42285
2.091 1701038473.5136669
2.07 1701038473.6136234
2.091 1701038473.7146149
2.164 1701038473.814428
2.041 1701038473.9125094
2.094 1701038474.0037706
2.048 1701038474.103677
2.078 1701038474.2072203
2.03 1701038474.3036213
2.067 1701038474.4040139
2.091 1701038474.4943354
2.094 1701038474.5994341
2.078 1701038474.6978064
2.058 1701038474.7935214
2.093 1701038474.8935301
2.034 1701038474.9875906
2.043 1701038475.084753
1.983 1701038475.1836164
2.076 1701038475.2804413
2.074 1701038475.3768854
2.157 1701038475.4749463
2.082 1701038475.5658162
2.073 1701038475.6635551
2.085 1701038475.764552
2.066 1701038475.8636224
2.029 1701038475.9550333
2.024 1701038476.057033
2.078 1701038476.1534588
2.079 1701038476.25143
2.063 1701038476.3492906
2.068 1701038476.4447937
2.081 1701038476.5425892
2.086 1701038476.634638
2.093 1701038476.733669
2.093 1701038476.8338604
2.093 1701038476.9236255
2.091 1701038477.0278587
2.07 1701038477.124483
2.085 1701038477.2285132
2.054 1701038477.3249574
2.085 1701038477.424781
2.09 1701038477.5228207
2.096 1701038477.618289
2.042 1701038477.7193317
2.104 1701038477.817389
2.104 1701038477.9148343
2.031 1701038478.013415
2.104 1701038478.1067271
2.083 1701038478.2040186
2.052 1701038478.3048618
2.104 1701038478.4049063
2.104 1701038478.5028641
2.108 1701038478.598897
2.135 1701038478.6992273
2.111 1701038478.8017213
2.12 1701038478.8946466
2.128 1701038478.993823
2.132 1701038479.0948179
2.15 1701038479.192801
2.14 1701038479.2864192
2.119 1701038479.383792
2.158 1701038479.4834542
2.164 1701038479.5734432
2.066 1701038479.6734965
2.141 1701038479.774484
2.143 1701038479.8724415
2.137 1701038479.9685862
2.156 1701038480.0637007
2.159 1701038480.16394
2.106 1701038480.26086
2.162 1701038480.3566954
2.063 1701038480.4544861
2.139 1701038480.5534232
2.115 1701038480.6449385
2.048 1701038480.7439609
2.126 1701038480.847007
2.131 1701038480.9445617
2.155 1701038481.0348613
2.082 1701038481.1387055
2.065 1701038481.23368
1.994 1701038481.333532
1.994 1701038481.4236655
2.065 1701038481.5292745
2.085 1701038481.6236935
1.941 1701038481.7235181
2.084 1701038481.823458
2.063 1701038481.916827
2.083 1701038482.0146477
2.063 1701038482.1135764
2.08 1701038482.2177668
2.082 1701038482.3150008
2.086 1701038482.4152
2.091 1701038482.5125484
2.097 1701038482.6038134
2.16 1701038482.7036998
2.099 1701038482.8063529
2.111 1701038482.9040778
2.126 1701038483.0027695
2.128 1701038483.0993493
2.12 1701038483.1970322
2.147 1701038483.2945535
2.063 1701038483.394491
2.154 1701038483.4847949
2.151 1701038483.5881367
2.091 1701038483.684064
2.162 1701038483.7768047
1.976 1701038483.8747349
2.125 1701038483.9750257
2.152 1701038484.0725415
2.139 1701038484.164617
2.061 1701038484.2637067
2.031 1701038484.3638506
2.12 1701038484.4602861
2.112 1701038484.5576215
2.158 1701038484.6548648
2.121 1701038484.7534068
2.16 1701038484.8498323
2.155 1701038484.9437234
2.126 1701038485.04444
2.166 1701038485.1440523
2.124 1701038485.2346437
2.142 1701038485.3335967
2.161 1701038485.4363346
2.143 1701038485.5328214
2.143 1701038485.6275563
2.15 1701038485.7247794
2.059 1701038485.8272407
2.119 1701038485.9236403
2.161 1701038486.0250397
2.172 1701038486.1235058
2.145 1701038486.2202864
2.116 1701038486.3142848
2.165 1701038486.4164379
2.113 1701038486.516336
2.047 1701038486.6134565
2.101 1701038486.7109566
2.139 1701038486.80547
2.049 1701038486.9036493
2.146 1701038487.0048656
2.075 1701038487.1035476
2.076 1701038487.2026758
2.037 1701038487.2994916
1.962 1701038487.3949609
2.138 1701038487.4944842
2.063 1701038487.5928597
2.098 1701038487.6895523
2.095 1701038487.7835994
2.054 1701038487.8834915
2.085 1701038487.973673
2.087 1701038488.074481
2.072 1701038488.177558
2.149 1701038488.273608
2.091 1701038488.3636906
2.076 1701038488.4638922
2.089 1701038488.5648153
1.939 1701038488.6584923
1.993 1701038488.7583609
2.051 1701038488.8556952
2.067 1701038488.9534094
2.013 1701038489.0438015
2.024 1701038489.1434863
2.071 1701038489.2447784
2.05 1701038489.342676
2.07 1701038489.434567
2.168 1701038489.5334575
2.283 1701038489.6334534
2.283 1701038489.7256036
2.087 1701038489.828812
2.169 1701038489.929213
2.003 1701038490.0238936
2.088 1701038490.124905
2.087 1701038490.2246003
2.063 1701038490.3234313
2.035 1701038490.4145422
2.076 1701038490.516955
2.108 1701038490.617306
2.119 1701038490.714502
2.115 1701038490.8128002
2.133 1701038490.9037044
2.141 1701038491.0036402
2.147 1701038491.10726
2.13 1701038491.2052178
2.006 1701038491.303455
2.069 1701038491.3955967
2.056 1701038491.4994001
2.124 1701038491.5953412
2.133 1701038491.6948307
2.132 1701038491.793709
2.132 1701038491.8902721
2.143 1701038491.9835312
2.161 1701038492.0848882
2.026 1701038492.1836314
2.117 1701038492.2747104
2.136 1701038492.3736205
2.12 1701038492.47343
2.129 1701038492.5636196
2.069 1701038492.6634233
2.128 1701038492.7649076
2.141 1701038492.8626928
2.139 1701038492.9588044
2.024 1701038493.053558
2.045 1701038493.1544752
2.109 1701038493.24932
2.024 1701038493.3449688
2.122 1701038493.4447396
2.059 1701038493.5426579
2.109 1701038493.640302
2.151 1701038493.7336597
2.116 1701038493.8354275
2.121 1701038493.930379
2.121 1701038494.034491
2.392 1701038494.129404
2.141 1701038494.2257142
2.159 1701038494.3245387
2.165 1701038494.425183
2.397 1701038494.5243146
2.188 1701038494.6135414
2.164 1701038494.719986
2.096 1701038494.8151171
2.06 1701038494.9163787
2.102 1701038495.0135882
2.225 1701038495.1107688
2.079 1701038495.2053945
2.017 1701038495.3082955
2.101 1701038495.403717
2.021 1701038495.5051255
2.137 1701038495.60263
2.12 1701038495.6964772
2.166 1701038495.7945502
2.151 1701038495.8937852
2.146 1701038495.9953632
2.145 1701038496.0894148
2.079 1701038496.187206
2.036 1701038496.2847846
2.051 1701038496.382545
2.114 1701038496.4801216
1.989 1701038496.5755546
2.001 1701038496.6737175
2.095 1701038496.7648666
2.006 1701038496.864983
2.038 1701038496.9654195
2.097 1701038497.058253
2.096 1701038497.15364
2.105 1701038497.2538102
2.16 1701038497.3548756
2.061 1701038497.4438221
2.058 1701038497.548911
2.029 1701038497.6438496
2.086 1701038497.743717
2.098 1701038497.8402858
2.052 1701038497.935121
2.076 1701038498.0347824
2.095 1701038498.132612
2.095 1701038498.224449
2.042 1701038498.3236833
2.072 1701038498.4238093
2.102 1701038498.523661
2.111 1701038498.6145658
2.132 1701038498.7187667
2.11 1701038498.8138442
2.102 1701038498.9147878
1.988 1701038499.0141516
2.095 1701038499.1051161
2.105 1701038499.204863
2.136 1701038499.3069654
2.14 1701038499.4050124
2.021 1701038499.505183
2.152 1701038499.602943
2.115 1701038499.6945245
2.163 1701038499.797827
2.164 1701038499.8949387
2.083 1701038499.9936705
2.062 1701038500.0895555
2.073 1701038500.1894708
2.067 1701038500.2873046
2.115 1701038500.3848588
2.167 1701038500.4794228
2.172 1701038500.5747952
2.113 1701038500.673856
2.126 1701038500.77348
2.066 1701038500.8692696
2.125 1701038500.9634867
2.021 1701038501.063696
2.131 1701038501.1625397
2.158 1701038501.2549508
2.033 1701038501.3536937
2.151 1701038501.4539747
2.059 1701038501.5437148
2.043 1701038501.6447296
2.134 1701038501.74485
2.123 1701038501.834951
2.025 1701038501.934525
2.037 1701038502.036306
2.022 1701038502.132554
2.022 1701038502.2316267
2.077 1701038502.3286114
2.098 1701038502.4237168
2.103 1701038502.5261583
2.159 1701038502.6236877
2.111 1701038502.7203453
2.098 1701038502.81477
1.967 1701038502.9138014
2.092 1701038503.0173268
2.095 1701038503.1150682
2.081 1701038503.214321
2.1 1701038503.3048618
2.103 1701038503.409615
1.994 1701038503.5037825
2.013 1701038503.6050217
2.1 1701038503.7034643
2.11 1701038503.8036518
2.117 1701038503.8941057
2.112 1701038503.9943273
2.07 1701038504.0948927
2.104 1701038504.1937313
2.104 1701038504.2846167
2.111 1701038504.39027
2.119 1701038504.483595
2.168 1701038504.583865
2.037 1701038504.6745405
2.072 1701038504.774428
2.041 1701038504.8738532
1.949 1701038504.9655893
2.041 1701038505.070302
2.05 1701038505.1658466
2.156 1701038505.2645514
1.99 1701038505.3547847
2.038 1701038505.454888
2.077 1701038505.5538578
2.062 1701038505.6554132
2.077 1701038505.752516
2.081 1701038505.8453724
2.083 1701038505.9438002
2.089 1701038506.0444534
2.085 1701038506.1338558
2.077 1701038506.2343388
2.063 1701038506.3349547
2.046 1701038506.4313037
2.046 1701038506.5248396
2.139 1701038506.624268
2.105 1701038506.7250893
2.109 1701038506.8237393
1.993 1701038506.9147124
2.105 1701038507.014607
2.039 1701038507.1202552
2.161 1701038507.213812
2.119 1701038507.3148446
2.12 1701038507.4136412
2.121 1701038507.5084414
1.962 1701038507.6076999
2.098 1701038507.7069056
2.098 1701038507.8047411
2.1 1701038507.9036229
2.141 1701038508.0025027
2.113 1701038508.101438
2.063 1701038508.1969883
2.059 1701038508.2944493
2.032 1701038508.3935215
1.945 1701038508.4927087
2.101 1701038508.5835543
2.106 1701038508.6892042
1.988 1701038508.7847998
1.962 1701038508.883943
2.055 1701038508.9783318
2.057 1701038509.0767996
2.082 1701038509.1746433
2.155 1701038509.272949
2.084 1701038509.3651345
2.085 1701038509.463856
2.086 1701038509.5648158
1.955 1701038509.6534889
2.079 1701038509.7559528
2.073 1701038509.854791
2.078 1701038509.9438148
2.041 1701038510.0493717
2.079 1701038510.1447895
2.06 1701038510.2434487
1.936 1701038510.3335788
2.151 1701038510.438492
2.098 1701038510.5354247
2.101 1701038510.6325772
2.101 1701038510.7250729
2.102 1701038510.8235917
2.106 1701038510.924637
2.076 1701038511.0249646
2.105 1701038511.1237438
2.172 1701038511.222797
2.161 1701038511.3136544
2.113 1701038511.4147508
2.068 1701038511.518319
2.125 1701038511.6163676
2.001 1701038511.7144635
2.032 1701038511.8034468
2.017 1701038511.9045677
2.123 1701038512.009392
2.045 1701038512.1073062
1.997 1701038512.2047632
2.08 1701038512.3037806
2.094 1701038512.3948572
2.094 1701038512.494806
2.164 1701038512.5934513
2.105 1701038512.694914
2.152 1701038512.794477
2.106 1701038512.8926394
2.029 1701038512.9837625
2.105 1701038513.0900235
2.109 1701038513.186919
2.121 1701038513.283566
2.12 1701038513.3825984
2.082 1701038513.4795632
2.069 1701038513.5763683
2.126 1701038513.6736145
2.138 1701038513.763616
2.145 1701038513.8686662
2.15 1701038513.9663363
2.135 1701038514.063424
2.113 1701038514.1536617
2.139 1701038514.2534573
2.141 1701038514.354538
2.064 1701038514.444611
2.05 1701038514.544839
2.074 1701038514.643564
2.013 1701038514.7435696
2.119 1701038514.8380654
2.119 1701038514.9349914
2.08 1701038515.0348794
2.128 1701038515.132911
2.128 1701038515.2285159
2.01 1701038515.3236706
2.119 1701038515.4264524
2.123 1701038515.5248704
2.134 1701038515.6238136
2.051 1701038515.722947
2.012 1701038515.8134665
1.952 1701038515.919218
2.093 1701038516.0147789
2.023 1701038516.113594
2.094 1701038516.2156725
2.172 1701038516.3144574
2.106 1701038516.4056313
1.98 1701038516.5035272
2.1 1701038516.6036336
2.107 1701038516.704409
2.108 1701038516.80486
2.119 1701038516.9025424
2.084 1701038516.9982793
2.106 1701038517.0962682
2.066 1701038517.1953971
2.11 1701038517.2945318
2.061 1701038517.393886
2.145 1701038517.4937496
2.068 1701038517.5837066
2.142 1701038517.689313
2.118 1701038517.784332
2.131 1701038517.883896
2.135 1701038517.9734628
2.123 1701038518.0735576
2.142 1701038518.1759121
2.146 1701038518.272637
2.126 1701038518.3646195
2.139 1701038518.4654567
2.146 1701038518.5636902
2.01 1701038518.6617303
2.137 1701038518.75487
2.053 1701038518.85498
1.962 1701038518.953496
2.071 1701038519.0444803
2.066 1701038519.1436772
2.045 1701038519.245059
2.065 1701038519.343402
2.101 1701038519.4364288
2.104 1701038519.5419374
2.103 1701038519.6352546
2.07 1701038519.7348735
2.045 1701038519.8326297
2.045 1701038519.9291635
2.093 1701038520.0235906
2.091 1701038520.1288345
2.085 1701038520.2256207
2.074 1701038520.3250928
1.874 1701038520.4236054
2.025 1701038520.5230033
2.083 1701038520.6179516
2.092 1701038520.7212884
2.094 1701038520.814889
2.099 1701038520.9136517
2.101 1701038521.0176656
2.104 1701038521.1144738
2.047 1701038521.2142305
2.162 1701038521.3126812
2.101 1701038521.4036584
1.998 1701038521.5046086
2.047 1701038521.6051826
2.083 1701038521.7036738
2.083 1701038521.8034527
2.084 1701038521.8943312
2.1 1701038521.9949043
2.083 1701038522.094747
2.105 1701038522.1936965
2.103 1701038522.2937288
2.11 1701038522.3918655
2.108 1701038522.488391
2.109 1701038522.588277
2.064 1701038522.6838107
2.11 1701038522.7828522
2.076 1701038522.8737853
2.005 1701038522.9770606
2.017 1701038523.0736113
2.103 1701038523.1693258
1.978 1701038523.2634351
2.145 1701038523.365451
2.106 1701038523.4635763
2.11 1701038523.556293
2.111 1701038523.654889
2.109 1701038523.7543337
2.172 1701038523.852837
2.108 1701038523.945593
2.109 1701038524.0447435
2.012 1701038524.1445193
2.007 1701038524.2366974
2.042 1701038524.334658
2.093 1701038524.4338326
2.098 1701038524.5337026
2.074 1701038524.6307166
2.074 1701038524.7300348
2.068 1701038524.8237233
2.137 1701038524.9246116
2.054 1701038525.0244431
2.1 1701038525.1245966
2.077 1701038525.2234464
2.053 1701038525.3244796
2.092 1701038525.4228554
2.09 1701038525.516149
2.085 1701038525.6146562
2.07 1701038525.7150764
2.07 1701038525.8146548
2.091 1701038525.91414
2.1 1701038526.0088422
2.17 1701038526.1054015
2.053 1701038526.2076082
2.141 1701038526.3048162
2.109 1701038526.406301
2.113 1701038526.5036228
2.116 1701038526.6013093
2.047 1701038526.6993513
1.996 1701038526.797152
2.07 1701038526.8944364
2.106 1701038526.9943192
1.949 1701038527.0916002
1.988 1701038527.1889431
2.041 1701038527.2846642
2.085 1701038527.3836777
2.086 1701038527.4747674
2.07 1701038527.5784116
2.077 1701038527.677307
2.079 1701038527.7749562
2.082 1701038527.86415
1.969 1701038527.9662144
2.017 1701038528.06389
2.045 1701038528.1625745
2.066 1701038528.2584033
2.08 1701038528.354628
2.082 1701038528.4552407
2.084 1701038528.5454414
2.099 1701038528.644644
2.112 1701038528.743537
2.147 1701038528.8435488
2.145 1701038528.9352872
2.082 1701038529.035997
2.047 1701038529.1335652
2.026 1701038529.2274187
2.026 1701038529.3309236
2.112 1701038529.4252703
2.08 1701038529.5247383
1.98 1701038529.6235073
2.054 1701038529.7225437
2.069 1701038529.8159435
2.108 1701038529.9135592
2.08 1701038530.0149074
2.104 1701038530.1137834
2.078 1701038530.2138324
2.051 1701038530.309309
2.029 1701038530.4083128
2.085 1701038530.5046265
2.059 1701038530.6037202
2.081 1701038530.703521
2.063 1701038530.8028748
1.986 1701038530.8935268
2.082 1701038530.9948514
2.086 1701038531.0937018
2.103 1701038531.1967726
2.105 1701038531.2938368
2.136 1701038531.3926241
2.11 1701038531.4848063
2.12 1701038531.5892363
2.055 1701038531.6864338
2.113 1701038531.783816
2.051 1701038531.8748608
2.002 1701038531.974979
2.107 1701038532.0743163
2.11 1701038532.17093
2.046 1701038532.2678907
