2.228 1701038801.2735682
2.246 1701038801.37486
2.252 1701038801.4734707
2.221 1701038801.5738008
2.053 1701038801.6677747
2.234 1701038801.7670796
2.237 1701038801.864434
2.231 1701038801.956954
2.126 1701038802.0561976
2.234 1701038802.1537917
2.106 1701038802.2516735
2.19 1701038802.3528843
2.1 1701038802.4445138
2.076 1701038802.5467908
2.062 1701038802.6440148
2.071 1701038802.739537
2.024 1701038802.836998
2.148 1701038802.9348292
2.153 1701038803.033783
2.132 1701038803.1289403
2.132 1701038803.2255232
2.135 1701038803.3301172
2.133 1701038803.4270859
2.114 1701038803.5248733
2.15 1701038803.6236517
2.128 1701038803.7245998
2.075 1701038803.8237314
2.072 1701038803.9148347
2.111 1701038804.022755
2.071 1701038804.1227155
2.055 1701038804.217052
2.111 1701038804.3193002
1.981 1701038804.4147694
2.11 1701038804.5147963
2.13 1701038804.6162794
2.105 1701038804.713789
2.103 1701038804.812558
2.111 1701038804.904869
2.112 1701038805.0051012
2.123 1701038805.1056223
2.126 1701038805.203709
2.134 1701038805.3054338
2.144 1701038805.4049716
2.151 1701038805.50382
2.152 1701038805.5944164
2.109 1701038805.6936681
2.162 1701038805.7945921
2.168 1701038805.8945937
2.186 1701038805.9938128
2.254 1701038806.093638
2.204 1701038806.1922297
2.217 1701038806.284536
2.202 1701038806.3890164
2.229 1701038806.4835007
2.225 1701038806.5842907
2.23 1701038806.6777449
2.24 1701038806.7750468
2.227 1701038806.877478
2.226 1701038806.9736137
2.155 1701038807.0698066
2.101 1701038807.1637094
2.25 1701038807.26456
2.16 1701038807.362577
2.202 1701038807.4548974
2.058 1701038807.553886
2.211 1701038807.6544054
2.209 1701038807.7486064
2.16 1701038807.8435066
2.253 1701038807.944748
2.198 1701038808.043035
2.198 1701038808.1346207
2.199 1701038808.2335432
2.135 1701038808.3336773
2.201 1701038808.4305537
2.201 1701038808.524687
2.255 1701038808.6296213
2.204 1701038808.7238524
2.215 1701038808.8238394
2.214 1701038808.924556
2.158 1701038809.0234544
2.25 1701038809.1238065
2.249 1701038809.2227027
2.19 1701038809.3158774
2.204 1701038809.422597
2.195 1701038809.513832
2.232 1701038809.6183383
2.227 1701038809.7150307
2.233 1701038809.8138528
2.249 1701038809.9134438
2.203 1701038810.012707
2.216 1701038810.1034894
2.231 1701038810.2085757
2.193 1701038810.3034997
2.234 1701038810.4071958
2.234 1701038810.5045712
2.232 1701038810.6026928
2.227 1701038810.6948347
2.097 1701038810.793637
2.217 1701038810.894132
2.216 1701038810.9945023
2.096 1701038811.0963132
2.09 1701038811.1937857
2.028 1701038811.2936575
2.099 1701038811.3833976
2.119 1701038811.486112
2.153 1701038811.583812
2.054 1701038811.683497
2.152 1701038811.773437
2.158 1701038811.878625
2.141 1701038811.974847
2.038 1701038812.0736313
2.126 1701038812.173739
2.079 1701038812.2634864
2.121 1701038812.3688383
2.16 1701038812.4646952
2.143 1701038812.5629447
2.145 1701038812.6543915
2.071 1701038812.756918
1.993 1701038812.8548458
2.062 1701038812.9517968
2.112 1701038813.045954
2.129 1701038813.1462977
2.121 1701038813.2426121
2.166 1701038813.335043
2.123 1701038813.433507
2.126 1701038813.5337985
2.137 1701038813.626709
2.142 1701038813.729971
2.142 1701038813.82786
2.154 1701038813.9263487
2.16 1701038814.0254045
2.169 1701038814.12359
2.181 1701038814.2235596
2.189 1701038814.3245704
2.258 1701038814.4237857
2.242 1701038814.5166473
2.207 1701038814.613437
2.234 1701038814.7235692
2.236 1701038814.820561
2.247 1701038814.9182389
2.178 1701038815.0226042
2.179 1701038815.123581
2.186 1701038815.2206469
2.162 1701038815.3175213
2.234 1701038815.4205978
2.233 1701038815.5184338
2.201 1701038815.618347
2.203 1701038815.7149708
2.225 1701038815.813835
2.197 1701038815.9137878
2.222 1701038816.0137844
2.205 1701038816.1125245
2.218 1701038816.2097676
2.149 1701038816.3086073
2.204 1701038816.403765
2.157 1701038816.5038009
2.103 1701038816.6048439
2.217 1701038816.7035048
2.083 1701038816.7996042
2.162 1701038816.899073
2.11 1701038816.9992552
2.182 1701038817.0990312
2.16 1701038817.1958396
2.18 1701038817.2965243
2.155 1701038817.3948252
2.174 1701038817.4938004
2.168 1701038817.5845811
2.121 1701038817.685065
2.161 1701038817.7835178
2.166 1701038817.8769305
2.172 1701038817.9771678
2.18 1701038818.0759144
2.192 1701038818.1734786
2.198 1701038818.2636476
2.21 1701038818.3635752
2.235 1701038818.4647481
2.168 1701038818.562769
2.241 1701038818.6584718
2.233 1701038818.753675
2.224 1701038818.853684
2.222 1701038818.9527617
2.185 1701038819.0495305
2.238 1701038819.1446686
2.247 1701038819.2437317
2.251 1701038819.3412719
2.257 1701038819.4339042
2.264 1701038819.5335379
2.247 1701038819.6336946
2.261 1701038819.726886
2.261 1701038819.8247063
2.261 1701038819.9248636
2.157 1701038820.0246305
2.161 1701038820.1286263
2.085 1701038820.226631
2.105 1701038820.3254063
2.07 1701038820.4252045
2.166 1701038820.5237303
2.08 1701038820.6237643
2.148 1701038820.7138608
2.203 1701038820.8225496
2.2 1701038820.9145646
2.23 1701038821.0235791
2.096 1701038821.1235456
2.153 1701038821.2229235
2.079 1701038821.318417
2.066 1701038821.4134445
2.121 1701038821.5189002
2.134 1701038821.614576
2.137 1701038821.7165616
2.149 1701038821.8146896
2.105 1701038821.91384
2.161 1701038822.0127602
2.148 1701038822.112936
2.157 1701038822.2036688
2.161 1701038822.3049407
2.161 1701038822.404499
2.169 1701038822.503438
2.176 1701038822.6048884
2.187 1701038822.7025218
2.232 1701038822.8009572
2.205 1701038822.8969643
2.169 1701038822.9978704
2.215 1701038823.0943537
2.218 1701038823.1944988
2.216 1701038823.2935936
2.218 1701038823.3835008
2.226 1701038823.4834764
2.196 1701038823.5851119
2.239 1701038823.682572
2.235 1701038823.7746718
2.24 1701038823.8744485
2.231 1701038823.9738224
2.25 1701038824.0663872
2.089 1701038824.165966
2.218 1701038824.264993
2.216 1701038824.3602622
2.115 1701038824.45495
2.011 1701038824.5534034
2.073 1701038824.6526577
2.154 1701038824.7436056
2.118 1701038824.8444502
2.183 1701038824.9438784
2.183 1701038825.0345953
2.184 1701038825.1347008
2.187 1701038825.2335873
2.249 1701038825.3326886
2.177 1701038825.424268
2.177 1701038825.524618
2.138 1701038825.6234736
2.175 1701038825.7234793
2.182 1701038825.8246894
2.184 1701038825.9246469
2.185 1701038826.0237112
2.191 1701038826.124574
2.209 1701038826.2262948
2.216 1701038826.3242698
2.129 1701038826.423576
2.225 1701038826.5249002
2.22 1701038826.623512
2.146 1701038826.718319
2.12 1701038826.8138163
2.172 1701038826.9172108
2.155 1701038827.0144796
2.198 1701038827.1135664
2.217 1701038827.2138548
2.163 1701038827.3134177
2.092 1701038827.4135644
2.141 1701038827.5045526
2.067 1701038827.6043112
2.138 1701038827.7037487
2.166 1701038827.806101
2.171 1701038827.9036148
2.185 1701038828.0034602
2.253 1701038828.0938752
2.19 1701038828.194575
2.132 1701038828.2976973
2.24 1701038828.3936412
2.111 1701038828.4974797
2.158 1701038828.5945156
2.158 1701038828.693792
2.192 1701038828.7934713
2.2 1701038828.8870838
2.244 1701038828.9870508
2.158 1701038829.084895
2.066 1701038829.1826158
2.111 1701038829.2747636
2.13 1701038829.3735967
2.139 1701038829.4747617
2.129 1701038829.5727885
2.104 1701038829.6647573
2.171 1701038829.764914
2.254 1701038829.8634214
2.178 1701038829.9590902
2.234 1701038830.0572913
2.19 1701038830.1549852
2.197 1701038830.2437804
2.194 1701038830.3445601
2.193 1701038830.4436
2.197 1701038830.5437953
2.208 1701038830.6334684
2.23 1701038830.7383308
2.138 1701038830.8345718
2.164 1701038830.932735
2.16 1701038831.0308456
2.16 1701038831.1234367
2.163 1701038831.223688
2.131 1701038831.3278792
2.15 1701038831.4280696
2.23 1701038831.5252173
2.109 1701038831.624854
2.087 1701038831.7248669
2.016 1701038831.8238707
2.101 1701038831.9227028
2.146 1701038832.023516
2.029 1701038832.1235316
2.086 1701038832.2194839
2.147 1701038832.3227897
2.133 1701038832.4225366
2.139 1701038832.5210216
2.142 1701038832.6182547
2.084 1701038832.7169914
2.003 1701038832.814898
2.065 1701038832.9159942
2.059 1701038833.0145617
2.106 1701038833.1137888
2.081 1701038833.2169492
2.053 1701038833.31477
2.029 1701038833.4148781
2.029 1701038833.5137272
1.893 1701038833.6136444
1.962 1701038833.7128222
1.988 1701038833.8068335
2.031 1701038833.9047122
2.059 1701038834.0037332
2.051 1701038834.1047413
2.053 1701038834.2064083
2.057 1701038834.3047853
2.063 1701038834.4028833
2.069 1701038834.4938676
2.169 1701038834.597951
2.084 1701038834.6982884
2.088 1701038834.7935212
2.082 1701038834.89349
2.104 1701038834.9935703
2.057 1701038835.0910852
2.081 1701038835.1845033
2.058 1701038835.2838597
2.072 1701038835.383712
2.034 1701038835.4798236
1.932 1701038835.5747836
2.071 1701038835.674899
2.079 1701038835.7725403
2.071 1701038835.869575
2.1 1701038835.9675674
2.143 1701038836.0655494
2.096 1701038836.167794
2.069 1701038836.2635179
2.066 1701038836.3582902
2.053 1701038836.4538827
1.86 1701038836.5546064
2.038 1701038836.643883
2.059 1701038836.7474248
2.066 1701038836.843691
2.068 1701038836.9425623
2.074 1701038837.0338318
2.084 1701038837.1337657
2.092 1701038837.2351716
2.094 1701038837.3337152
1.988 1701038837.433887
2.046 1701038837.5277627
2.068 1701038837.6315086
2.025 1701038837.7270863
2.025 1701038837.8236628
2.085 1701038837.9235306
2.077 1701038838.0270371
2.066 1701038838.1238024
2.058 1701038838.223888
2.067 1701038838.3250682
2.088 1701038838.4236386
2.02 1701038838.52561
2.023 1701038838.6252046
1.893 1701038838.7237337
1.913 1701038838.8235898
1.936 1701038838.9228177
1.917 1701038839.023787
1.997 1701038839.1169746
2.018 1701038839.2154047
2.054 1701038839.3155124
2.024 1701038839.415784
2.024 1701038839.5155826
2.024 1701038839.614938
2.066 1701038839.7154489
2.078 1701038839.814688
2.029 1701038839.9138815
2.042 1701038840.0134706
2.025 1701038840.1083353
2.029 1701038840.2048228
2.045 1701038840.3049011
2.056 1701038840.4036672
2.069 1701038840.5036342
2.085 1701038840.605147
2.093 1701038840.7037163
2.1 1701038840.8034654
2.11 1701038840.9029133
2.13 1701038841.0006125
2.112 1701038841.1025348
2.019 1701038841.2009878
2.141 1701038841.3008943
2.053 1701038841.4007914
2.006 1701038841.5006208
2.032 1701038841.5998166
2.033 1701038841.6979249
2.105 1701038841.7938867
2.014 1701038841.894212
2.096 1701038841.9942899
2.102 1701038842.0853384
2.146 1701038842.1857064
2.098 1701038842.285477
2.102 1701038842.383551
2.097 1701038842.4794927
2.095 1701038842.578818
2.094 1701038842.675107
2.143 1701038842.772625
2.078 1701038842.866495
2.102 1701038842.9663663
2.108 1701038843.063406
2.113 1701038843.162832
2.13 1701038843.2547464
2.134 1701038843.3548458
1.998 1701038843.4534783
2.119 1701038843.5525792
2.12 1701038843.6504173
2.122 1701038843.746815
2.07 1701038843.845221
2.127 1701038843.9350953
2.117 1701038844.034184
2.123 1701038844.1345022
2.027 1701038844.2337084
2.172 1701038844.3269389
2.172 1701038844.4306545
2.137 1701038844.5236607
2.128 1701038844.6235905
2.025 1701038844.724511
1.982 1701038844.8237176
2.002 1701038844.923663
2.024 1701038845.0247118
2.03 1701038845.1238716
2.025 1701038845.2173262
1.992 1701038845.322716
2.0 1701038845.4179244
1.975 1701038845.517796
1.961 1701038845.6170611
2.062 1701038845.7168145
2.04 1701038845.8163455
2.038 1701038845.9171765
2.055 1701038846.0169935
2.038 1701038846.116879
1.988 1701038846.217055
1.994 1701038846.3162775
2.06 1701038846.4138665
1.983 1701038846.5134566
2.052 1701038846.6134322
1.993 1701038846.7128596
2.064 1701038846.8126214
2.021 1701038846.9077299
2.07 1701038847.0049055
1.989 1701038847.1077394
2.04 1701038847.2036214
2.029 1701038847.3048167
2.033 1701038847.402967
2.031 1701038847.500322
1.973 1701038847.600534
1.962 1701038847.6996133
1.983 1701038847.800437
1.931 1701038847.900474
2.016 1701038847.999529
1.983 1701038848.0995235
2.014 1701038848.2004292
2.015 1701038848.2997365
2.012 1701038848.3997958
1.921 1701038848.4999564
1.979 1701038848.6004362
1.92 1701038848.7001414
1.993 1701038848.7997737
1.993 1701038848.9000778
1.974 1701038849.0005927
1.979 1701038849.1000438
1.996 1701038849.195317
1.913 1701038849.3134415
1.982 1701038849.4137685
1.932 1701038849.512634
1.931 1701038849.6176698
1.952 1701038849.717414
1.973 1701038849.8177605
1.942 1701038849.9138806
1.971 1701038850.0174332
1.89 1701038850.1176991
1.997 1701038850.2174232
1.948 1701038850.3174727
1.95 1701038850.4175255
1.961 1701038850.51754
1.968 1701038850.617777
1.97 1701038850.7181044
1.939 1701038850.8175318
1.976 1701038850.9150207
1.89 1701038851.0174975
1.97 1701038851.1174679
1.975 1701038851.217668
1.978 1701038851.3166554
1.978 1701038851.4160187
1.984 1701038851.516072
1.988 1701038851.616322
2.073 1701038851.7160413
2.08 1701038851.81608
1.995 1701038851.9179173
2.013 1701038852.0162213
2.023 1701038852.1177566
1.996 1701038852.21606
2.027 1701038852.3167396
2.039 1701038852.4150553
2.046 1701038852.516231
2.063 1701038852.6146314
2.065 1701038852.7166336
2.078 1701038852.813717
2.076 1701038852.9161277
2.083 1701038853.0166867
2.091 1701038853.1169791
2.098 1701038853.216205
2.1 1701038853.3160963
2.139 1701038853.416196
2.147 1701038853.5167978
2.13 1701038853.616054
2.122 1701038853.7134647
2.125 1701038853.8153324
2.018 1701038853.9152544
2.122 1701038854.0166423
2.031 1701038854.1170456
2.12 1701038854.2145076
2.122 1701038854.315548
2.129 1701038854.4168453
2.134 1701038854.5147722
2.141 1701038854.6160593
2.123 1701038854.7177985
2.127 1701038854.8146574
2.124 1701038854.9166374
2.131 1701038855.0154238
2.066 1701038855.1149719
2.042 1701038855.2168758
2.085 1701038855.3171835
2.119 1701038855.4167178
2.023 1701038855.5163362
2.068 1701038855.6138582
2.027 1701038855.715227
1.965 1701038855.816038
2.035 1701038855.916043
2.037 1701038856.0135653
2.068 1701038856.1172428
2.027 1701038856.213485
2.082 1701038856.3149369
2.07 1701038856.4166617
2.069 1701038856.5144548
2.07 1701038856.6138115
2.072 1701038856.7147813
2.164 1701038856.8170123
2.083 1701038856.9171212
2.083 1701038857.01442
2.307 1701038857.1149368
2.114 1701038857.2135005
2.129 1701038857.314839
2.151 1701038857.4159222
2.166 1701038857.5137544
2.182 1701038857.6164405
2.198 1701038857.7159908
2.217 1701038857.8169043
2.16 1701038857.9136486
2.213 1701038858.014945
2.229 1701038858.1134577
2.253 1701038858.213471
2.244 1701038858.3145902
2.246 1701038858.4168746
2.262 1701038858.5134532
2.271 1701038858.617006
2.27 1701038858.7144744
2.163 1701038858.814015
2.202 1701038858.9159484
2.146 1701038859.017102
2.134 1701038859.1138635
2.162 1701038859.2167091
2.107 1701038859.3153753
2.1 1701038859.4159057
2.134 1701038859.5136285
2.087 1701038859.6144571
2.057 1701038859.7154036
2.183 1701038859.8162925
2.105 1701038859.9180539
2.099 1701038860.0166502
2.109 1701038860.1136985
2.158 1701038860.2177687
2.134 1701038860.315044
2.135 1701038860.4153845
2.129 1701038860.514761
2.073 1701038860.6146705
2.05 1701038860.715327
2.115 1701038860.8138206
2.027 1701038860.914737
2.11 1701038861.0134304
2.109 1701038861.1160932
2.115 1701038861.214802
