3.102 1699054539.2334156
3.387 1699054539.3404033
2.765 1699054539.434704
2.502 1699054539.5444882
2.466 1699054539.6407669
2.443 1699054539.7350798
2.467 1699054539.8416333
2.5 1699054539.9361637
3.425 1699054540.031013
3.309 1699054540.141304
2.954 1699054540.2450607
2.949 1699054540.340159
2.945 1699054540.4348347
2.51 1699054540.5452073
2.583 1699054540.6402483
2.851 1699054540.7381551
2.434 1699054540.8389928
2.463 1699054540.9339192
3.13 1699054541.029
3.153 1699054541.14267
3.142 1699054541.237658
2.896 1699054541.3391984
2.934 1699054541.4337718
2.89 1699054541.528813
3.406 1699054541.6398175
2.945 1699054541.741621
2.941 1699054541.84015
2.783 1699054541.9344952
2.441 1699054542.0290613
2.384 1699054542.1381814
2.498 1699054542.2327642
2.352 1699054542.3427558
2.388 1699054542.4365773
2.477 1699054542.5311594
2.826 1699054542.639755
2.819 1699054542.7340808
2.807 1699054542.839337
3.107 1699054542.9344993
2.808 1699054543.0289764
3.238 1699054543.140147
3.455 1699054543.2350185
2.822 1699054543.339845
2.819 1699054543.4345555
2.765 1699054543.5290537
2.387 1699054543.6237643
2.305 1699054543.7343714
2.423 1699054543.8247242
2.614 1699054543.9374132
2.458 1699054544.0321429
2.448 1699054544.126922
2.641 1699054544.2370315
3.02 1699054544.3236055
2.802 1699054544.422671
2.791 1699054544.5331228
2.791 1699054544.627548
3.322 1699054544.737203
2.767 1699054544.8255525
2.495 1699054544.9233742
2.357 1699054545.0334933
2.713 1699054545.1281426
2.733 1699054545.222514
2.445 1699054545.3257034
2.453 1699054545.435282
2.767 1699054545.534722
3.012 1699054545.629428
2.836 1699054545.7397814
2.857 1699054545.838099
2.855 1699054545.9326427
2.854 1699054546.0369678
2.857 1699054546.1316218
2.857 1699054546.2261147
3.268 1699054546.3393939
2.488 1699054546.433435
2.363 1699054546.5395818
2.357 1699054546.6340966
2.814 1699054546.728527
2.384 1699054546.8406262
2.393 1699054546.9347131
2.41 1699054547.0415444
3.008 1699054547.135007
3.127 1699054547.2297175
3.124 1699054547.3401716
2.811 1699054547.434675
3.105 1699054547.5291533
3.128 1699054547.636107
2.825 1699054547.7309108
2.826 1699054547.8393788
2.802 1699054547.934137
2.54 1699054548.0288348
2.599 1699054548.138163
2.861 1699054548.2328649
2.576 1699054548.3409524
2.373 1699054548.4356854
2.481 1699054548.5306559
2.865 1699054548.624508
2.867 1699054548.7386491
2.858 1699054548.837382
3.123 1699054548.9321125
3.107 1699054549.0269055
3.193 1699054549.1369748
2.857 1699054549.2371218
3.128 1699054549.3391898
2.859 1699054549.4334857
2.616 1699054549.5278676
2.473 1699054549.6373715
2.85 1699054549.7381048
2.852 1699054549.839782
2.39 1699054549.9341452
2.367 1699054550.028502
2.359 1699054550.1381202
2.843 1699054550.240017
2.845 1699054550.3413904
2.846 1699054550.435399
2.693 1699054550.5298285
2.408 1699054550.639436
2.753 1699054550.744097
2.749 1699054550.8393419
2.738 1699054550.935958
2.737 1699054551.0310097
2.548 1699054551.1403818
3.029 1699054551.2349873
2.78 1699054551.3360293
2.776 1699054551.4306147
3.111 1699054551.5408194
2.859 1699054551.6350489
2.899 1699054551.7295809
2.898 1699054551.8396714
2.896 1699054551.9341424
2.608 1699054552.0284264
2.485 1699054552.138256
2.489 1699054552.2329779
2.758 1699054552.341656
2.87 1699054552.4359553
2.697 1699054552.5303411
2.842 1699054552.6403222
2.515 1699054552.7345161
2.846 1699054552.840085
2.848 1699054552.9366102
2.856 1699054553.030979
2.849 1699054553.1404262
3.266 1699054553.2378566
3.196 1699054553.3405008
2.884 1699054553.4378595
2.885 1699054553.532171
2.702 1699054553.6421952
2.419 1699054553.7367296
2.423 1699054553.8382375
2.698 1699054553.9398606
2.875 1699054554.0341017
2.819 1699054554.1283767
2.546 1699054554.2383745
2.374 1699054554.3411033
2.849 1699054554.435615
2.847 1699054554.536029
2.839 1699054554.645744
2.84 1699054554.740829
3.117 1699054554.8434958
2.567 1699054554.9379506
2.353 1699054555.0379238
2.727 1699054555.140182
3.05 1699054555.234035
2.776 1699054555.3398643
2.389 1699054555.434076
2.387 1699054555.5389283
2.75 1699054555.6332748
3.519 1699054555.7430875
2.825 1699054555.8409715
2.868 1699054555.9379432
2.883 1699054556.032036
2.883 1699054556.1349075
2.881 1699054556.2291102
2.883 1699054556.3361976
2.47 1699054556.4308252
2.505 1699054556.540325
2.502 1699054556.6375134
2.861 1699054556.731923
2.67 1699054556.8398738
2.496 1699054556.9342754
2.68 1699054557.044043
2.874 1699054557.1389015
3.399 1699054557.2339344
3.355 1699054557.3369226
2.898 1699054557.4391046
2.904 1699054557.54122
2.901 1699054557.6411161
2.905 1699054557.750431
2.903 1699054557.8401604
2.399 1699054557.9500277
2.468 1699054558.0447612
2.612 1699054558.139013
2.948 1699054558.25177
2.456 1699054558.3407145
2.429 1699054558.4506521
2.357 1699054558.5446029
2.858 1699054558.6387033
2.857 1699054558.7368538
3.544 1699054558.8497262
2.847 1699054558.9438405
2.84 1699054559.0378234
2.832 1699054559.1477535
2.829 1699054559.2403383
3.109 1699054559.3387442
2.843 1699054559.4331858
2.401 1699054559.543342
2.495 1699054559.6374488
2.454 1699054559.7473114
2.843 1699054559.840055
2.664 1699054559.934305
2.401 1699054560.0457876
2.356 1699054560.139201
2.711 1699054560.2334864
3.107 1699054560.3387427
3.435 1699054560.4475021
3.112 1699054560.5420127
2.42 1699054560.6363919
2.377 1699054560.7463753
2.76 1699054560.8398423
3.01 1699054560.9502249
2.739 1699054561.0442488
2.399 1699054561.1382113
2.583 1699054561.2336042
2.776 1699054561.340278
2.776 1699054561.4338088
2.795 1699054561.5436492
2.837 1699054561.637703
2.888 1699054561.7320385
2.914 1699054561.83845
3.446 1699054561.9370162
3.324 1699054562.0386992
2.477 1699054562.1331284
2.484 1699054562.2431762
2.527 1699054562.3386571
2.91 1699054562.4414737
2.802 1699054562.5346797
2.514 1699054562.644708
2.467 1699054562.7387168
2.75 1699054562.8399515
2.895 1699054562.9408827
2.898 1699054563.035147
2.904 1699054563.145349
2.907 1699054563.239398
2.516 1699054563.3438766
2.404 1699054563.437935
3.243 1699054563.5362754
3.135 1699054563.645975
2.825 1699054563.7401402
2.393 1699054563.8388739
2.374 1699054563.933565
2.798 1699054564.0382748
3.01 1699054564.133104
2.841 1699054564.2429638
2.88 1699054564.3399687
3.186 1699054564.434453
2.906 1699054564.5401015
2.903 1699054564.6345353
2.906 1699054564.744288
2.773 1699054564.840192
2.484 1699054564.93519
2.5 1699054565.0445282
2.882 1699054565.135965
2.882 1699054565.2456841
2.639 1699054565.3375823
2.442 1699054565.4475284
2.426 1699054565.5432549
2.702 1699054565.6372585
2.866 1699054565.747034
3.104 1699054565.8394344
2.872 1699054565.9492903
2.863 1699054566.0436711
2.873 1699054566.1403675
2.878 1699054566.2504056
2.676 1699054566.3382213
2.556 1699054566.44821
2.502 1699054566.5429893
3.119 1699054566.6386552
3.3 1699054566.748887
2.671 1699054566.8369772
2.46 1699054566.9470239
2.39 1699054567.0411983
2.729 1699054567.1356003
2.889 1699054567.2367983
2.883 1699054567.339607
2.886 1699054567.4347324
3.102 1699054567.5449314
2.888 1699054567.639155
3.102 1699054567.7410796
2.838 1699054567.8399217
2.569 1699054567.9346585
2.503 1699054568.0454485
2.731 1699054568.139595
3.531 1699054568.240971
2.881 1699054568.339536
2.394 1699054568.4343314
2.378 1699054568.5449367
2.49 1699054568.6397817
2.878 1699054568.7347844
3.106 1699054568.8367584
3.121 1699054568.9318771
2.877 1699054569.0268848
2.871 1699054569.1367612
2.871 1699054569.2397773
3.113 1699054569.3391185
2.791 1699054569.4339962
2.495 1699054569.5385704
2.479 1699054569.6249936
2.605 1699054569.7352047
3.512 1699054569.8225338
2.853 1699054569.9323268
2.552 1699054570.0271142
2.419 1699054570.1220648
2.454 1699054570.2223234
2.683 1699054570.3253021
3.096 1699054570.4227095
2.836 1699054570.522826
2.486 1699054570.6229417
2.617 1699054570.725841
3.144 1699054570.8233953
3.138 1699054570.923487
3.108 1699054571.0236545
2.722 1699054571.1239429
2.431 1699054571.2241557
3.192 1699054571.3242247
3.319 1699054571.4243164
2.838 1699054571.5163639
2.871 1699054571.611912
2.914 1699054571.7212884
2.956 1699054571.8097472
2.924 1699054571.9182007
2.698 1699054572.0190253
2.445 1699054572.1172595
2.323 1699054572.211936
2.574 1699054572.309274
2.896 1699054572.4190698
2.893 1699054572.5216918
2.57 1699054572.6162996
2.43 1699054572.7107525
2.412 1699054572.8239691
3.126 1699054572.918106
3.235 1699054573.0225163
2.828 1699054573.1170537
2.821 1699054573.2270064
2.453 1699054573.3243
2.502 1699054573.4183545
2.738 1699054573.5139384
3.042 1699054573.6175237
3.021 1699054573.7119734
2.837 1699054573.823776
2.508 1699054573.9179018
2.512 1699054574.0177433
3.018 1699054574.1185243
2.822 1699054574.2131715
2.869 1699054574.3063512
3.211 1699054574.4170022
3.618 1699054574.512225
2.814 1699054574.6077027
3.204 1699054574.7180183
2.689 1699054574.8085637
2.513 1699054574.9184687
2.524 1699054575.0130014
2.759 1699054575.122876
2.909 1699054575.2182722
2.914 1699054575.307933
2.727 1699054575.4192224
2.638 1699054575.513481
2.586 1699054575.6232338
2.926 1699054575.7199395
3.253 1699054575.8242824
3.219 1699054575.9182665
3.51 1699054576.0131922
3.434 1699054576.1226313
2.957 1699054576.224454
2.942 1699054576.3236294
2.62 1699054576.4180942
2.727 1699054576.5130043
2.941 1699054576.6235554
3.008 1699054576.7228646
3.014 1699054576.8212411
2.653 1699054576.9209688
2.539 1699054577.0159354
2.513 1699054577.11137
2.999 1699054577.2219048
3.014 1699054577.3090153
3.008 1699054577.4194624
3.008 1699054577.5145013
3.669 1699054577.6099494
3.001 1699054577.7204554
2.741 1699054577.8213289
2.464 1699054577.915983
2.368 1699054578.010858
2.57 1699054578.1211836
2.923 1699054578.2158995
2.91 1699054578.3225942
2.62 1699054578.4167497
2.4 1699054578.5116334
2.391 1699054578.621514
2.746 1699054578.716428
2.866 1699054578.8231156
2.859 1699054578.9184158
2.466 1699054579.0129902
2.678 1699054579.1080933
3.477 1699054579.2183077
3.158 1699054579.320458
2.791 1699054579.4187527
2.814 1699054579.5138936
2.559 1699054579.608091
2.838 1699054579.7181845
2.836 1699054579.8074107
2.833 1699054579.9055707
3.127 1699054580.0159264
2.907 1699054580.1106896
2.943 1699054580.2057455
2.961 1699054580.3087254
2.812 1699054580.4188561
2.487 1699054580.5171015
2.368 1699054580.6112359
2.927 1699054580.7203407
2.905 1699054580.8229
2.901 1699054580.9174228
2.648 1699054581.0199249
2.506 1699054581.1148028
2.486 1699054581.2091095
2.742 1699054581.3232157
2.846 1699054581.4171684
2.857 1699054581.5210361
2.854 1699054581.615795
2.853 1699054581.7105784
2.859 1699054581.8207035
2.861 1699054581.9159157
2.866 1699054582.0105665
2.411 1699054582.1170907
2.51 1699054582.2113974
2.868 1699054582.3082955
2.863 1699054582.4178243
3.095 1699054582.512487
2.845 1699054582.603282
2.418 1699054582.7136202
2.347 1699054582.8073351
2.464 1699054582.9171984
2.838 1699054583.0129066
2.832 1699054583.1039119
3.14 1699054583.2142305
2.55 1699054583.3063207
2.552 1699054583.4171045
2.754 1699054583.511347
3.023 1699054583.6060991
3.11 1699054583.7170897
3.496 1699054583.8075619
2.864 1699054583.9163754
2.434 1699054584.0110683
2.804 1699054584.1071653
3.14 1699054584.202239
2.864 1699054584.3065083
2.908 1699054584.4007986
2.941 1699054584.5113857
2.954 1699054584.6064806
2.958 1699054584.7018683
2.808 1699054584.8080754
2.505 1699054584.9021642
2.483 1699054585.012399
2.623 1699054585.1072137
2.915 1699054585.205125
2.914 1699054585.307936
2.894 1699054585.4021094
2.588 1699054585.5133114
2.378 1699054585.6077387
2.594 1699054585.7171957
2.848 1699054585.807981
2.842 1699054585.9176264
2.85 1699054586.0119257
2.855 1699054586.105985
2.851 1699054586.2162611
2.621 1699054586.3052616
2.492 1699054586.4154603
2.556 1699054586.510347
2.835 1699054586.6204424
2.865 1699054586.7152262
2.864 1699054586.8054562
2.708 1699054586.9157064
2.845 1699054587.0100503
2.385 1699054587.1040313
2.775 1699054587.214891
2.862 1699054587.3040757
2.875 1699054587.4161606
3.188 1699054587.510923
3.101 1699054587.6200309
2.881 1699054587.7143507
2.771 1699054587.8217385
2.461 1699054587.9190083
2.47 1699054588.0133584
2.759 1699054588.1230547
2.864 1699054588.2175567
2.861 1699054588.321119
2.813 1699054588.420858
2.656 1699054588.5153885
2.519 1699054588.6088467
2.579 1699054588.7182117
2.857 1699054588.8225226
2.839 1699054588.9218302
2.512 1699054589.0161107
2.74 1699054589.110355
2.77 1699054589.2199283
3.106 1699054589.3174975
3.234 1699054589.4117155
2.842 1699054589.517785
2.61 1699054589.6143744
2.632 1699054589.7206087
3.334 1699054589.8044095
2.871 1699054589.9142528
2.893 1699054590.0195107
3.715 1699054590.1137273
3.401 1699054590.2078748
3.055 1699054590.3074145
2.922 1699054590.4173362
2.582 1699054590.5063279
2.606 1699054590.6164489
2.786 1699054590.7113075
3.052 1699054590.8073654
3.28 1699054590.9169357
3.057 1699054591.0110254
2.681 1699054591.1178625
2.589 1699054591.2152095
2.635 1699054591.305037
3.018 1699054591.4051101
3.016 1699054591.514966
3.022 1699054591.6206203
3.393 1699054591.7133899
2.979 1699054591.8204925
2.966 1699054591.9146512
2.564 1699054592.0087714
2.355 1699054592.1203136
2.44 1699054592.220165
2.757 1699054592.3198767
2.901 1699054592.4150395
2.894 1699054592.52465
2.887 1699054592.6218169
2.549 1699054592.7161775
2.524 1699054592.8208807
2.504 1699054592.9157414
2.856 1699054593.0254
2.847 1699054593.119517
3.332 1699054593.22076
2.728 1699054593.3234346
2.453 1699054593.4178536
2.778 1699054593.5131392
3.142 1699054593.6247234
3.103 1699054593.7202847
2.897 1699054593.8220642
2.906 1699054593.9162621
2.53 1699054594.010498
2.397 1699054594.1202245
2.816 1699054594.2214344
2.85 1699054594.3214397
3.102 1699054594.4155555
2.923 1699054594.525567
2.932 1699054594.6196244
2.936 1699054594.7144203
2.951 1699054594.82113
2.526 1699054594.9152036
2.557 1699054595.0095882
2.904 1699054595.1191032
2.905 1699054595.2134082
2.898 1699054595.322886
2.899 1699054595.4169781
2.568 1699054595.5114734
2.483 1699054595.621314
2.419 1699054595.7156358
2.643 1699054595.8210373
2.865 1699054595.9153304
2.861 1699054596.0098364
2.858 1699054596.1194694
2.85 1699054596.218068
2.601 1699054596.3238907
2.849 1699054596.41781
2.775 1699054596.5121605
3.137 1699054596.6219678
3.13 1699054596.7166526
2.866 1699054596.823812
2.878 1699054596.9193497
2.66 1699054597.0144508
2.476 1699054597.1090446
2.495 1699054597.2184203
2.878 1699054597.3086877
3.096 1699054597.419001
2.906 1699054597.5141225
2.905 1699054597.6092434
2.908 1699054597.7044058
2.51 1699054597.8075695
2.819 1699054597.9179573
2.655 1699054598.0170994
2.897 1699054598.1151867
2.886 1699054598.2101977
3.114 1699054598.306546
2.883 1699054598.4170969
2.874 1699054598.5213253
2.46 1699054598.615141
2.456 1699054598.7099235
2.371 1699054598.8229218
2.493 1699054598.9170115
2.376 1699054599.0198371
2.77 1699054599.1142955
