2.293 1701044514.060977
2.374 1701044514.1600413
2.419 1701044514.2555118
2.417 1701044514.3588905
2.412 1701044514.4588828
2.413 1701044514.5587747
2.414 1701044514.6596048
2.428 1701044514.7459629
2.438 1701044514.8566318
2.43 1701044514.9599447
2.453 1701044515.0548537
2.449 1701044515.1596522
2.445 1701044515.258984
2.459 1701044515.3588562
2.473 1701044515.4588764
2.484 1701044515.5588906
2.366 1701044515.658803
2.349 1701044515.758733
2.511 1701044515.8587518
2.399 1701044515.958831
2.38 1701044516.0597425
2.387 1701044516.1587448
2.516 1701044516.2451608
2.476 1701044516.3587449
2.504 1701044516.4577384
2.485 1701044516.5559468
2.511 1701044516.6563451
2.496 1701044516.7427459
2.484 1701044516.8525112
2.488 1701044516.944207
2.491 1701044517.0405278
2.83 1701044517.1518595
2.516 1701044517.2420824
2.533 1701044517.336257
2.55 1701044517.4414637
2.565 1701044517.5450091
2.584 1701044517.6480203
2.601 1701044517.7439218
2.503 1701044517.8444726
2.611 1701044517.9397137
2.623 1701044518.0410507
2.626 1701044518.141876
2.583 1701044518.2266197
2.64 1701044518.3365576
2.645 1701044518.4307072
2.584 1701044518.528449
2.687 1701044518.6308424
2.582 1701044518.725533
2.644 1701044518.826242
2.65 1701044518.9272072
2.514 1701044519.0260694
2.525 1701044519.1107147
2.585 1701044519.209839
2.494 1701044519.3227704
2.553 1701044519.4094036
2.505 1701044519.5035503
2.552 1701044519.6107419
2.496 1701044519.7075317
2.41 1701044519.80944
2.479 1701044519.9101806
2.456 1701044520.0095477
2.554 1701044520.108562
2.458 1701044520.193547
2.494 1701044520.3048708
2.33 1701044520.3930836
2.503 1701044520.4879973
2.428 1701044520.5938478
2.5 1701044520.6873746
2.498 1701044520.7815175
2.386 1701044520.8921623
2.497 1701044520.9864426
2.503 1701044521.0908983
2.509 1701044521.1773796
2.512 1701044521.280958
2.523 1701044521.379556
2.523 1701044521.4753642
2.533 1701044521.5754368
2.538 1701044521.6731522
2.359 1701044521.779122
2.523 1701044521.8739493
2.529 1701044521.9746332
2.37 1701044522.0772707
2.428 1701044522.1714194
2.47 1701044522.2763898
2.506 1701044522.361752
2.451 1701044522.4717426
2.505 1701044522.5659122
2.441 1701044522.6602385
2.511 1701044522.7616694
2.506 1701044522.8727381
2.51 1701044522.9673223
2.508 1701044523.0724463
2.477 1701044523.1666455
2.498 1701044523.2614648
2.509 1701044523.3734646
2.509 1701044523.4716852
2.432 1701044523.5622325
2.485 1701044523.6733823
2.507 1701044523.761007
2.501 1701044523.8707283
2.514 1701044523.9692278
2.525 1701044524.058857
2.537 1701044524.1686213
2.548 1701044524.2612731
2.553 1701044524.3553257
2.551 1701044524.4554965
2.555 1701044524.5652597
2.552 1701044524.6593978
2.555 1701044524.7591226
2.475 1701044524.8532712
2.387 1701044524.9574869
2.514 1701044525.051645
2.549 1701044525.1614447
2.562 1701044525.2606208
2.574 1701044525.354811
2.583 1701044525.4605222
2.585 1701044525.555708
2.604 1701044525.6564453
2.55 1701044525.744226
2.463 1701044525.853979
2.371 1701044525.9481375
2.58 1701044526.055861
2.4 1701044526.150018
2.132 1701044526.2584841
2.42 1701044526.355709
2.383 1701044526.449992
2.222 1701044526.5564055
2.398 1701044526.6505585
2.253 1701044526.757381
2.451 1701044526.8554635
2.439 1701044526.950095
2.16 1701044527.0584302
2.392 1701044527.1528363
2.408 1701044527.2583237
2.43 1701044527.3476799
2.37 1701044527.4544618
2.384 1701044527.5492375
2.376 1701044527.654149
2.373 1701044527.748289
2.214 1701044527.8547406
2.324 1701044527.952943
2.397 1701044528.0470634
2.409 1701044528.1399055
2.423 1701044528.2447288
2.646 1701044528.3395555
2.412 1701044528.4487095
2.421 1701044528.5428512
2.445 1701044528.642286
2.313 1701044528.744319
2.414 1701044528.8378463
2.182 1701044528.9319866
2.392 1701044529.0324044
2.414 1701044529.138074
2.432 1701044529.2385094
2.429 1701044529.3369813
2.453 1701044529.4311237
2.475 1701044529.5255167
2.498 1701044529.619658
2.489 1701044529.7246277
2.503 1701044529.8205037
2.461 1701044529.9146478
2.513 1701044530.024927
2.49 1701044530.1227574
2.493 1701044530.2170682
2.506 1701044530.308751
2.515 1701044530.4180124
2.542 1701044530.5082633
2.503 1701044530.6024075
2.561 1701044530.7121723
2.572 1701044530.8085232
2.517 1701044530.9026656
2.468 1701044530.9968073
2.564 1701044531.0909553
2.456 1701044531.2007143
2.569 1701044531.2921107
2.466 1701044531.3878381
2.558 1701044531.4975977
2.606 1701044531.5917506
2.393 1701044531.6858885
2.549 1701044531.7915359
2.551 1701044531.8891146
2.487 1701044531.98328
2.442 1701044532.0774217
2.337 1701044532.171582
2.337 1701044532.2750413
2.52 1701044532.375499
2.503 1701044532.4692557
2.516 1701044532.5793312
2.527 1701044532.6735227
2.523 1701044532.7742646
2.54 1701044532.875537
2.544 1701044532.9690726
2.554 1701044533.063264
2.57 1701044533.1722744
2.566 1701044533.259955
2.58 1701044533.3691049
2.513 1701044533.4711573
2.513 1701044533.5716178
2.573 1701044533.66577
2.584 1701044533.7623777
2.609 1701044533.8573017
2.557 1701044533.957642
2.682 1701044534.055218
2.672 1701044534.1650407
2.586 1701044534.261108
2.559 1701044534.3552911
2.44 1701044534.4658673
2.411 1701044534.5535097
2.567 1701044534.6632783
2.505 1701044534.761206
2.441 1701044534.8553877
2.485 1701044534.9495893
2.504 1701044535.0559406
2.551 1701044535.150093
2.586 1701044535.2590907
2.555 1701044535.35456
2.585 1701044535.4487033
2.557 1701044535.556245
2.555 1701044535.650386
2.515 1701044535.7445269
2.544 1701044535.8580613
2.585 1701044535.9522116
2.451 1701044536.0463617
2.474 1701044536.1529083
2.512 1701044536.2470634
2.449 1701044536.354024
2.487 1701044536.4540772
2.473 1701044536.5482256
2.55 1701044536.655209
2.591 1701044536.7436008
2.454 1701044536.8533747
2.542 1701044536.9475236
2.548 1701044537.0573015
2.55 1701044537.1562846
2.55 1701044537.2440703
2.557 1701044537.353361
2.578 1701044537.4476695
2.561 1701044537.5575342
2.563 1701044537.658049
2.477 1701044537.743725
2.493 1701044537.853383
2.572 1701044537.9475315
2.418 1701044538.0573134
2.488 1701044538.1514444
2.566 1701044538.2445076
2.565 1701044538.3536737
2.57 1701044538.4478295
2.455 1701044538.5576072
2.547 1701044538.6517398
2.541 1701044538.756913
2.535 1701044538.8568366
2.531 1701044538.9516351
2.508 1701044539.0459354
2.853 1701044539.1556847
2.55 1701044539.2439365
2.561 1701044539.355629
2.57 1701044539.4497888
2.582 1701044539.5436246
2.581 1701044539.6535556
2.589 1701044539.7569594
2.481 1701044539.8536892
2.591 1701044539.947838
2.519 1701044540.057495
2.495 1701044540.1517138
2.584 1701044540.2566833
2.571 1701044540.355244
2.546 1701044540.4492376
2.587 1701044540.5558522
2.508 1701044540.6503348
2.409 1701044540.7444868
2.5 1701044540.8402824
2.495 1701044540.9500575
2.438 1701044541.0444963
2.414 1701044541.138645
2.522 1701044541.2437901
2.506 1701044541.3373334
2.517 1701044541.4369373
2.505 1701044541.5470018
2.486 1701044541.642137
2.447 1701044541.743703
2.426 1701044541.8372319
2.478 1701044541.940076
2.478 1701044542.0342546
2.484 1701044542.128371
2.488 1701044542.2410245
2.49 1701044542.3414214
2.487 1701044542.4403145
2.479 1701044542.5348418
2.497 1701044542.629707
2.498 1701044542.7243996
2.492 1701044542.8226283
2.474 1701044542.9201398
2.485 1701044543.0213788
2.491 1701044543.1155372
2.488 1701044543.2247987
2.488 1701044543.322725
2.498 1701044543.4168634
2.506 1701044543.5071
2.49 1701044543.6168308
2.48 1701044543.7109704
2.482 1701044543.8076208
2.496 1701044543.9017558
2.468 1701044544.0081801
2.463 1701044544.1017106
2.512 1701044544.1963327
2.497 1701044544.2916458
2.358 1701044544.4014115
2.429 1701044544.5010314
2.228 1701044544.5881639
2.357 1701044544.6974332
2.472 1701044544.7912219
2.351 1701044544.8853803
2.49 1701044544.9918444
2.459 1701044545.089901
2.367 1701044545.184055
2.457 1701044545.2754543
2.279 1701044545.3862877
2.442 1701044545.4710822
2.516 1701044545.5808496
2.516 1701044545.6713886
2.506 1701044545.7745407
2.287 1701044545.868691
2.52 1701044545.9779735
2.436 1701044546.072625
2.441 1701044546.172423
2.455 1701044546.2748919
2.275 1701044546.3690526
2.23 1701044546.4631956
2.378 1701044546.5726972
2.208 1701044546.6745858
2.16 1701044546.7742267
2.312 1701044546.8687248
2.306 1701044546.9634874
2.253 1701044547.0736203
2.221 1701044547.1691265
2.343 1701044547.2745225
2.05 1701044547.3688467
2.326 1701044547.4630008
2.323 1701044547.5727692
2.322 1701044547.6668642
2.316 1701044547.7602916
2.311 1701044547.8692713
2.323 1701044547.9634385
2.347 1701044548.0575948
2.354 1701044548.1673577
2.558 1701044548.2602117
2.404 1701044548.3699687
2.417 1701044548.4703367
2.519 1701044548.564828
2.444 1701044548.658995
2.459 1701044548.7730312
2.461 1701044548.8691862
2.407 1701044548.963329
2.488 1701044549.073105
2.497 1701044549.1673255
2.491 1701044549.2600276
2.517 1701044549.3711395
2.53 1701044549.4652817
2.542 1701044549.5594337
2.543 1701044549.6693323
2.596 1701044549.7602923
2.548 1701044549.872162
2.544 1701044549.9663131
2.552 1701044550.060458
2.886 1701044550.170913
2.579 1701044550.258597
2.542 1701044550.3683703
2.594 1701044550.4699454
2.496 1701044550.5641031
2.463 1701044550.6582544
2.501 1701044550.7606282
2.566 1701044550.8703785
2.604 1701044550.9702163
2.56 1701044551.0648205
2.579 1701044551.1589708
2.583 1701044551.2587445
2.586 1701044551.3685257
2.593 1701044551.471145
2.591 1701044551.5687556
2.595 1701044551.6607254
2.517 1701044551.772363
2.586 1701044551.8714612
2.477 1701044551.9582446
2.565 1701044552.067603
2.472 1701044552.1618085
2.468 1701044552.2604277
2.449 1701044552.370652
2.383 1701044552.4648037
2.513 1701044552.5705452
2.434 1701044552.6646922
2.536 1701044552.7664049
2.516 1701044552.8702967
2.52 1701044552.9645038
2.514 1701044553.0714557
2.528 1701044553.1655953
2.527 1701044553.2598026
2.534 1701044553.3694408
2.536 1701044553.4683206
2.542 1701044553.5729928
2.547 1701044553.6675463
2.559 1701044553.763741
2.574 1701044553.8735275
2.586 1701044553.967825
2.6 1701044554.072783
2.607 1701044554.1685486
2.531 1701044554.2599711
2.571 1701044554.3691344
2.622 1701044554.46343
2.597 1701044554.5694525
2.521 1701044554.6704261
2.61 1701044554.7727776
2.603 1701044554.8669732
2.383 1701044554.9611251
2.514 1701044555.0560334
2.482 1701044555.1562147
2.575 1701044555.2584972
2.427 1701044555.3526456
2.314 1701044555.4624183
2.444 1701044555.5565703
2.478 1701044555.6509514
2.445 1701044555.758623
2.418 1701044555.8527715
2.511 1701044555.9469116
2.487 1701044556.0575805
2.496 1701044556.1514015
2.42 1701044556.258123
2.513 1701044556.352284
2.492 1701044556.4464238
2.51 1701044556.556823
2.491 1701044556.6514444
2.512 1701044556.7433193
2.387 1701044556.853369
2.464 1701044556.9475753
2.519 1701044557.0551913
2.486 1701044557.14956
2.488 1701044557.2570734
2.493 1701044557.3585901
2.493 1701044557.457326
2.493 1701044557.5547965
2.495 1701044557.6578786
2.497 1701044557.7448015
2.507 1701044557.8579175
2.386 1701044557.9509776
2.299 1701044558.0460353
2.204 1701044558.1581433
2.35 1701044558.2571108
2.457 1701044558.35721
2.354 1701044558.457413
2.453 1701044558.54723
2.454 1701044558.6565197
2.389 1701044558.7433631
2.359 1701044558.8568592
2.259 1701044558.9516444
2.376 1701044559.0528924
2.414 1701044559.1470597
2.241 1701044559.256982
2.288 1701044559.3560102
2.364 1701044559.454187
2.37 1701044559.5547163
2.38 1701044559.6517768
2.395 1701044559.755895
2.314 1701044559.8530047
2.398 1701044559.9549224
2.411 1701044560.0484757
2.245 1701044560.1426117
2.252 1701044560.2431319
2.377 1701044560.352304
2.376 1701044560.4560976
2.196 1701044560.5514138
2.372 1701044560.6459272
2.37 1701044560.7569652
2.218 1701044560.8544648
2.395 1701044560.949117
2.263 1701044561.052298
2.367 1701044561.146462
2.37 1701044561.2568824
2.367 1701044561.353069
2.396 1701044561.4472268
2.365 1701044561.554688
2.558 1701044561.649221
2.391 1701044561.755847
2.405 1701044561.8551476
2.406 1701044561.955168
2.413 1701044562.0560212
2.435 1701044562.1532524
2.44 1701044562.24783
2.443 1701044562.3537474
2.402 1701044562.4479063
2.412 1701044562.5420513
2.473 1701044562.651065
2.515 1701044562.745206
2.519 1701044562.837285
2.482 1701044562.9492557
2.466 1701044563.0412989
2.492 1701044563.1374393
2.488 1701044563.242799
2.519 1701044563.3372817
2.487 1701044563.4314232
2.492 1701044563.5411892
2.497 1701044563.63991
2.496 1701044563.742838
2.503 1701044563.8370123
2.504 1701044563.9312072
2.514 1701044564.0409815
2.895 1701044564.135604
2.55 1701044564.241063
2.558 1701044564.336405
2.586 1701044564.4305475
2.568 1701044564.5403202
2.585 1701044564.6344664
2.591 1701044564.7366922
2.6 1701044564.8213716
2.572 1701044564.924749
2.615 1701044565.0317798
2.625 1701044565.1259134
2.568 1701044565.2225804
2.579 1701044565.320651
2.51 1701044565.414794
2.464 1701044565.5089371
2.487 1701044565.6187062
2.475 1701044565.7128513
2.424 1701044565.8053544
2.432 1701044565.915125
2.508 1701044566.009274
2.443 1701044566.1062999
2.541 1701044566.2004352
2.441 1701044566.3046367
2.426 1701044566.3988254
2.432 1701044566.4929657
2.503 1701044566.6022437
2.492 1701044566.6966166
2.495 1701044566.7908764
2.491 1701044566.8864977
2.488 1701044566.9806051
2.486 1701044567.0903714
2.491 1701044567.185437
2.496 1701044567.2748964
2.509 1701044567.3871014
2.521 1701044567.4812503
2.532 1701044567.5753884
2.599 1701044567.6695275
2.599 1701044567.7754445
2.545 1701044567.8732102
2.551 1701044567.967356
2.564 1701044568.0771646
2.579 1701044568.1716175
2.577 1701044568.2735558
2.581 1701044568.3677213
2.576 1701044568.46849
2.581 1701044568.5626533
2.47 1701044568.6728387
2.593 1701044568.7733183
2.41 1701044568.8674614
2.549 1701044568.9710789
2.422 1701044569.073004
2.38 1701044569.167725
2.327 1701044569.259745
2.459 1701044569.3695295
2.472 1701044569.472399
2.485 1701044569.566552
2.504 1701044569.6606998
2.497 1701044569.7596965
2.501 1701044569.8688605
2.501 1701044569.9630187
2.506 1701044570.0675292
2.504 1701044570.1616745
2.516 1701044570.2592115
2.514 1701044570.3688247
2.528 1701044570.471081
2.529 1701044570.569023
2.468 1701044570.6718185
2.543 1701044570.7573798
2.563 1701044570.8671544
2.458 1701044570.9612966
2.505 1701044571.056341
2.57 1701044571.166118
2.57 1701044571.2590697
2.578 1701044571.35322
2.58 1701044571.462992
2.58 1701044571.5572913
2.56 1701044571.6522243
2.58 1701044571.7580204
2.566 1701044571.852633
2.383 1701044571.9467263
2.429 1701044572.0564923
2.555 1701044572.1534562
2.57 1701044572.2574074
2.561 1701044572.3524928
2.559 1701044572.446636
2.584 1701044572.540776
2.421 1701044572.6544495
2.554 1701044572.7426186
2.573 1701044572.8526433
2.553 1701044572.9474277
2.553 1701044573.054706
2.555 1701044573.1563067
2.591 1701044573.2420623
2.573 1701044573.3518274
2.558 1701044573.4459689
2.496 1701044573.540559
2.509 1701044573.650325
2.473 1701044573.7421496
2.555 1701044573.836176
2.405 1701044573.9463162
