3.313
4.526
4.55
4.119
3.749
3.58
3.579
3.594
3.435
3.543
3.547
3.597
3.499
3.427
3.431
3.522
3.501
4.592
4.258
4.383
3.977
4.096
4.252
4.307
4.386
4.342
4.419
4.468
4.335
4.383
4.977
4.426
4.304
4.434
4.278
4.275
4.42
4.292
3.347
3.46
3.553
3.445
3.474
3.993
3.489
3.373
3.511
3.539
3.355
3.427
4.795
4.389
4.548
4.457
4.173
4.305
4.492
4.282
3.595
3.512
3.492
3.404
3.763
3.629
3.477
3.342
3.415
3.452
3.419
3.388
4.068
4.143
4.416
4.323
4.493
4.191
4.361
4.95
3.447
3.524
3.427
3.472
3.467
3.936
3.59
3.536
3.552
3.397
3.513
3.467
3.493
4.253
4.296
4.317
4.014
4.203
4.318
4.421
4.434
4.386
3.468
3.363
3.394
3.648
3.563
3.387
3.418
3.497
3.45
3.354
3.475
3.342
3.509
4.291
4.304
3.88
4.456
4.947
4.288
4.38
4.376
4.382
4.4
4.031
3.828
3.509
3.326
3.458
3.739
3.385
3.506
3.55
3.562
3.618
3.556
3.54
3.4
4.9
3.373
3.468
3.453
3.339
3.552
3.526
3.782
3.323
3.463
3.482
3.437
3.295
3.423
4.593
4.335
4.303
4.373
4.085
4.201
4.355
4.339
4.283
4.326
4.344
4.393
4.327
4.429
3.525
3.584
3.508
3.629
3.457
3.622
3.573
3.611
3.621
3.546
3.445
3.656
4.006
5.068
3.92
3.995
4.026
4.073
3.931
4.061
3.891
3.751
3.524
3.679
3.843
3.81
3.56
4.825
3.781
3.893
3.478
3.916
3.931
3.919
3.901
3.798
3.728
3.765
3.862
3.943
3.968
4.953
4.056
3.873
3.804
3.805
3.769
4.002
3.919
3.654
3.612
3.61
3.769
3.481
3.406
4.756
3.422
3.449
3.371
3.453
3.553
3.551
3.503
3.562
3.447
3.551
3.515
3.567
3.577
4.366
4.452
3.889
4.041
4.476
4.865
4.344
4.422
4.21
3.529
3.425
3.481
3.761
3.455
3.405
3.505
3.475
3.409
3.492
3.466
3.48
3.505
4.314
4.39
4.425
4.075
4.188
4.307
4.411
4.424
4.302
3.774
3.664
3.43
3.48
3.328
3.539
3.503
3.505
3.478
3.502
3.424
3.529
3.53
4.229
3.44
3.627
3.63
3.538
3.659
3.466
3.388
3.475
3.459
3.536
3.417
3.405
3.486
4.147
4.342
4.351
3.998
4.116
4.279
3.813
3.378
3.474
3.574
3.445
3.504
3.508
3.32
3.493
3.503
3.502
3.465
3.556
4.246
4.354
4.325
4.516
4.124
4.232
4.402
4.421
4.425
3.502
3.547
3.465
3.911
3.559
3.5
3.554
3.538
3.554
3.529
3.572
3.495
3.588
4.134
4.428
4.494
4.484
4.183
4.014
3.44
3.409
3.469
3.498
3.598
3.53
3.368
3.509
3.426
3.511
3.501
3.449
3.501
4.6
4.459
3.907
4.407
4.694
4.372
4.419
4.407
4.279
4.419
4.898
4.431
4.443
4.925
4.551
3.464
3.489
3.528
3.547
3.394
3.468
3.507
3.516
3.526
3.415
3.551
3.531
3.583
4.521
4.584
3.772
3.559
3.728
3.593
3.509
3.541
3.618
3.4
3.425
3.434
3.548
3.545
3.472
4.305
4.343
4.378
4.317
4.034
4.205
4.734
4.416
4.43
4.437
4.469
3.984
3.684
3.566
3.478
3.464
3.485
3.543
3.513
3.508
3.515
3.429
3.402
3.512
3.51
4.278
3.643
3.453
3.419
3.55
3.393
3.348
3.473
3.468
3.389
3.459
3.32
3.492
3.838
4.467
3.781
3.647
3.782
3.536
3.643
3.577
3.476
3.472
3.308
3.511
3.351
3.432
3.473
3.869
4.357
4.426
4.353
4.081
4.712
4.338
4.322
4.411
4.408
4.443
4.342
4.45
4.467
4.938
3.541
3.659
3.44
3.705
3.583
3.528
3.354
3.515
3.344
3.503
3.453
3.494
3.497
4.349
4.351
4.569
4.044
3.435
3.426
3.498
3.32
3.598
3.616
3.547
3.578
3.59
3.621
3.608
3.62
3.923
4.512
4.251
4.453
4.076
4.223
4.314
3.54
3.446
3.545
3.494
3.552
3.504
3.538
3.439
3.373
3.357
3.488
3.3
3.448
3.979
4.377
4.43
4.395
4.081
4.269
4.408
4.315
4.432
4.429
4.3
4.457
4.442
3.404
3.407
3.447
3.429
3.613
3.574
3.454
3.515
3.518
3.527
3.445
3.52
3.879
4.479
4.448
4.464
4.486
4.275
4.451
3.619
3.53
3.421
3.42
3.371
3.412
3.474
3.461
3.47
3.473
3.488
3.416
3.523
4.241
4.323
4.504
4.417
4.137
4.258
3.52
3.486
3.406
3.302
3.426
3.462
3.542
3.379
3.477
3.484
3.353
3.492
3.479
3.472
4.451
4.514
4.483
4.372
4.246
4.895
3.598
3.494
3.534
3.512
3.577
3.505
3.55
3.528
3.552
3.559
3.541
3.544
3.618
4.455
4.199
4.317
4.479
4.18
4.327
4.424
4.425
4.439
4.263
4.414
3.953
3.95
3.469
3.508
3.401
3.399
3.574
3.438
3.506
3.47
3.372
3.496
3.458
3.507
4.737
3.448
3.385
3.44
3.499
3.541
3.492
3.489
3.458
3.463
3.489
3.451
3.363
3.471
4.32
4.344
4.315
3.987
4.154
4.295
3.571
3.597
3.72
3.741
3.692
3.766
3.667
3.494
3.531
3.407
3.414
3.524
3.497
4.173
4.301
4.405
3.764
3.472
3.46
3.728
3.383
3.461
3.527
3.507
3.514
3.504
3.501
3.428
3.4
3.367
4.376
4.456
4.565
4.037
4.217
4.329
4.444
4.417
4.88
3.926
3.434
3.294
3.457
3.495
3.553
3.544
3.505
3.42
3.437
3.507
3.461
3.49
3.97
4.532
4.528
4.561
4.189
4.323
3.469
3.555
3.512
3.501
3.538
3.488
3.829
3.546
3.47
3.406
3.508
3.504
3.475
3.494
4.38
4.463
4.397
4.08
4.237
4.81
3.364
3.528
3.431
3.545
3.455
3.528
3.517
3.449
3.525
3.529
3.539
3.431
3.527
4.367
4.415
4.431
4.067
4.182
4.362
3.613
3.543
3.568
3.603
3.54
3.41
3.853
3.578
3.586
3.623
3.639
3.605
3.624
4.524
4.482
4.432
4.084
4.221
4.318
4.461
4.448
4.435
4.451
3.638
3.561
3.806
3.462
3.349
3.523
3.463
3.471
3.506
3.502
3.395
3.531
3.455
4.375
4.355
4.379
3.397
3.476
3.568
3.634
3.537
3.477
3.555
3.56
3.552
3.4
3.505
3.488
3.476
4.24
4.352
4.367
4.013
4.123
3.717
3.72
3.618
3.609
3.559
3.439
3.339
3.071
3.146
3.147
3.156
3.077
3.122
3.129
3.171
3.18
3.128
3.077
3.181
3.125
3.203
3.214
4.019
3.162
3.189
3.067
3.045
3.16
3.259
3.224
3.2
3.255
3.111
3.284
3.263
3.18
3.208
3.278
3.287
3.286
3.197
3.108
3.004
3.035
3.016
3.163
3.148
3.133
3.11
3.109
3.082
3.102
3.176
3.103
3.078
3.107
2.985
3.046
3.505
3.122
3.029
3.083
3.132
3.149
3.191
3.183
3.075
3.188
3.088
3.09
3.172
3.167
3.203
3.195
3.194
3.188
3.124
3.179
3.018
3.014
2.914
3.081
3.001
3.057
3.058
3.074
3.117
3.155
3.192
3.167
3.252
3.294
3.275
3.306
3.102
3.12
3.149
3.215
3.186
3.161
3.088
3.056
3.397
3.128
3.122
3.069
2.864
2.972
3.064
3.123
3.124
3.08
3.126
3.029
3.105
3.158
3.164
3.101
3.068
3.18
3.202
3.565
3.193
3.189
3.184
3.188
3.094
3.191
3.106
2.973
3.125
3.108
3.006
3.083
3.031
3.1
3.137
3.151
3.193
3.222
3.242
3.259
3.263
3.273
3.268
3.265
3.561
3.099
3.06
3.127
3.101
3.202
3.198
3.088
3.057
3.022
3.098
3.005
3.004
3.089
3.113
3.038
3.112
3.119
3.018
3.146
2.992
3.128
3.131
3.128
3.136
3.136
3.149
3.202
3.185
3.189
3.191
3.199
3.098
3.019
3.049
3.041
2.988
3.035
3.071
3.087
3.125
3.011
3.104
3.12
3.48
3.186
3.198
3.225
3.244
3.205
3.272
3.259
2.999
3.151
3.046
3.172
3.165
3.141
3.104
3.1
