2.777 1701039390.039675
2.788 1701039390.1342802
2.79 1701039390.2305472
2.859 1701039390.330848
2.814 1701039390.4205737
2.772 1701039390.5232627
2.766 1701039390.6175828
2.766 1701039390.7121265
2.736 1701039390.818516
2.758 1701039390.9208806
2.779 1701039391.0157773
2.73 1701039391.1108835
2.78 1701039391.2187886
2.808 1701039391.3160975
2.754 1701039391.4122636
2.711 1701039391.5096273
2.766 1701039391.6110258
2.796 1701039391.7109182
2.792 1701039391.8100333
2.754 1701039391.9111407
2.728 1701039392.0050862
2.782 1701039392.1088965
2.785 1701039392.2046068
2.787 1701039392.3107839
2.798 1701039392.4063482
2.866 1701039392.5007644
2.865 1701039392.611195
2.685 1701039392.7066805
2.772 1701039392.8111658
2.798 1701039392.8986437
2.764 1701039393.0093002
2.804 1701039393.1045005
2.776 1701039393.208192
2.809 1701039393.3107483
2.86 1701039393.4055479
2.85 1701039393.5108917
2.696 1701039393.6111987
2.812 1701039393.711103
2.812 1701039393.8095918
2.739 1701039393.9107983
2.723 1701039394.008244
2.795 1701039394.1032083
2.791 1701039394.2104828
2.8 1701039394.3102877
2.812 1701039394.4109924
2.817 1701039394.5100813
2.824 1701039394.611218
2.824 1701039394.710182
2.747 1701039394.811253
2.779 1701039394.911627
2.812 1701039395.009522
2.709 1701039395.1095586
2.81 1701039395.2038689
2.806 1701039395.3073034
2.805 1701039395.4021003
2.811 1701039395.4998224
2.722 1701039395.606337
2.755 1701039395.7011633
2.81 1701039395.7922368
2.807 1701039395.8869665
2.8 1701039395.994733
2.797 1701039396.0954902
2.799 1701039396.1958916
2.799 1701039396.2955456
2.809 1701039396.3955495
2.821 1701039396.493054
2.829 1701039396.591395
2.743 1701039396.6787102
2.702 1701039396.7889986
2.829 1701039396.879217
2.828 1701039396.9841762
2.827 1701039397.0751452
2.86 1701039397.1687994
2.844 1701039397.2658565
2.864 1701039397.3606012
2.844 1701039397.471279
2.735 1701039397.5604322
2.841 1701039397.6687694
2.835 1701039397.7634082
2.753 1701039397.862016
2.826 1701039397.9593737
2.82 1701039398.0521545
2.818 1701039398.1419833
2.83 1701039398.244602
2.836 1701039398.3393092
2.832 1701039398.4379919
2.836 1701039398.5397406
2.863 1701039398.638141
2.684 1701039398.7380457
2.693 1701039398.8239434
2.809 1701039398.9187257
2.811 1701039399.023304
2.814 1701039399.1178613
2.728 1701039399.212527
2.728 1701039399.3227074
2.78 1701039399.4176183
2.81 1701039399.5235064
2.821 1701039399.6182237
2.815 1701039399.7127552
2.81 1701039399.8104897
2.802 1701039399.9110606
2.81 1701039400.0114276
2.774 1701039400.1110003
2.752 1701039400.2142036
2.799 1701039400.3096743
2.816 1701039400.403609
2.829 1701039400.509686
2.83 1701039400.602529
2.834 1701039400.6971767
2.833 1701039400.8073695
2.859 1701039400.9029305
2.806 1701039401.0063953
2.826 1701039401.1007707
2.838 1701039401.19451
2.844 1701039401.2920213
2.848 1701039401.3861969
2.764 1701039401.490395
2.821 1701039401.5852613
2.846 1701039401.6897976
2.763 1701039401.7844005
2.833 1701039401.8791914
2.7 1701039401.991079
2.827 1701039402.085475
2.859 1701039402.1889503
2.767 1701039402.2775283
2.843 1701039402.3704798
2.821 1701039402.4821115
2.831 1701039402.5799837
2.853 1701039402.6772263
2.709 1701039402.7722406
2.75 1701039402.8669271
2.851 1701039402.961564
2.815 1701039403.0565066
2.768 1701039403.1510644
2.81 1701039403.2578313
2.815 1701039403.3606825
2.858 1701039403.4476457
2.831 1701039403.5428338
2.838 1701039403.6441245
2.819 1701039403.7431664
2.826 1701039403.8432693
2.837 1701039403.9433148
2.672 1701039404.0389867
2.845 1701039404.1338804
2.774 1701039404.22704
2.827 1701039404.3212285
2.85 1701039404.423917
2.753 1701039404.5190725
2.753 1701039404.6137495
2.473 1701039404.724274
2.819 1701039404.81903
3.19 1701039404.9258254
2.835 1701039405.0229514
2.835 1701039405.117638
2.829 1701039405.2119174
2.832 1701039405.3227003
2.763 1701039405.4162965
2.827 1701039405.5080352
2.708 1701039405.6189
2.773 1701039405.7141745
2.818 1701039405.809026
2.825 1701039405.9108684
2.829 1701039406.0095072
2.827 1701039406.104249
2.829 1701039406.1990654
2.856 1701039406.3088171
2.856 1701039406.4089952
2.778 1701039406.5074775
2.728 1701039406.601753
2.838 1701039406.6963007
2.833 1701039406.7903898
2.761 1701039406.9006944
2.827 1701039406.990157
2.836 1701039407.0999029
2.844 1701039407.1941197
2.85 1701039407.2886448
2.859 1701039407.3829563
2.829 1701039407.491261
2.754 1701039407.5857902
2.85 1701039407.6791756
2.856 1701039407.7891805
2.836 1701039407.8836114
2.702 1701039407.9784513
2.736 1701039408.0892243
2.837 1701039408.1822865
2.841 1701039408.276839
2.847 1701039408.3867524
2.762 1701039408.4775524
2.817 1701039408.5776432
2.842 1701039408.6822407
2.834 1701039408.7765663
2.83 1701039408.872385
2.821 1701039408.9664323
2.823 1701039409.070137
2.854 1701039409.158226
2.7 1701039409.252758
2.811 1701039409.3494058
2.811 1701039409.4574995
2.856 1701039409.5522373
2.773 1701039409.6495562
2.721 1701039409.7493815
2.752 1701039409.836651
2.765 1701039409.931516
2.866 1701039410.0396073
2.777 1701039410.1345048
2.766 1701039410.2221236
2.803 1701039410.3269317
2.81 1701039410.4212294
2.776 1701039410.5241551
2.76 1701039410.618119
2.76 1701039410.7216465
2.798 1701039410.8161776
2.813 1701039410.9110324
2.756 1701039411.0160534
2.756 1701039411.1222641
2.719 1701039411.2250426
2.851 1701039411.3198798
2.741 1701039411.4467933
2.339 1701039411.5440328
2.786 1701039411.6437452
2.797 1701039411.7353632
2.806 1701039411.8267303
2.802 1701039411.9270062
2.777 1701039412.0263772
2.805 1701039412.1267068
2.816 1701039412.2267594
2.835 1701039412.325247
2.835 1701039412.4252434
2.809 1701039412.5252705
2.82 1701039412.6260276
2.828 1701039412.7252855
2.838 1701039412.8252468
2.842 1701039412.9242256
2.845 1701039413.0252428
2.845 1701039413.1252413
2.882 1701039413.2253113
2.803 1701039413.3252542
2.753 1701039413.4252427
2.729 1701039413.5252497
2.855 1701039413.6252086
2.861 1701039413.7252648
2.85 1701039413.8251998
2.815 1701039413.925754
2.853 1701039414.0252385
2.853 1701039414.118849
2.842 1701039414.2252007
2.747 1701039414.3252916
2.772 1701039414.4251978
2.823 1701039414.525214
2.727 1701039414.6252108
2.765 1701039414.725824
2.751 1701039414.8252127
2.804 1701039414.9252548
2.816 1701039415.0217116
2.816 1701039415.1252024
2.818 1701039415.225185
2.836 1701039415.3251667
2.822 1701039415.4258916
2.82 1701039415.5251193
2.779 1701039415.6251543
2.812 1701039415.7253158
2.823 1701039415.8251822
2.835 1701039415.9251518
2.845 1701039416.025124
2.845 1701039416.125195
2.856 1701039416.2251527
2.864 1701039416.3250775
2.696 1701039416.4250844
2.766 1701039416.525067
2.86 1701039416.6251109
2.763 1701039416.725796
2.817 1701039416.8251133
2.851 1701039416.9268537
2.852 1701039417.026621
2.802 1701039417.1251671
2.802 1701039417.225799
2.752 1701039417.325061
2.817 1701039417.4250698
2.834 1701039417.5250363
2.83 1701039417.6250925
2.775 1701039417.7260733
2.822 1701039417.8250906
2.766 1701039417.926072
2.826 1701039418.0250533
2.826 1701039418.1251469
2.83 1701039418.2202713
2.839 1701039418.325039
2.739 1701039418.418327
2.667 1701039418.5250196
2.813 1701039418.625046
2.809 1701039418.7249727
2.76 1701039418.824971
2.722 1701039418.9250405
2.812 1701039419.0250375
2.812 1701039419.1249943
2.816 1701039419.2249708
2.842 1701039419.3235898
2.759 1701039419.4188035
2.811 1701039419.5249348
2.813 1701039419.624946
2.723 1701039419.7257833
2.797 1701039419.824996
2.798 1701039419.9178488
2.746 1701039420.0250869
2.746 1701039420.1098928
2.819 1701039420.2201982
2.858 1701039420.3097062
2.766 1701039420.4184675
2.759 1701039420.51014
2.72 1701039420.6104562
2.809 1701039420.7109094
2.806 1701039420.8124723
2.693 1701039420.9113057
2.85 1701039421.009944
2.804 1701039421.1092188
2.865 1701039421.208227
2.769 1701039421.3081937
2.811 1701039421.4082704
2.779 1701039421.508236
2.797 1701039421.608229
2.768 1701039421.7082086
2.794 1701039421.8082001
2.798 1701039421.9081686
2.808 1701039422.00817
2.812 1701039422.1081994
2.822 1701039422.2082255
2.835 1701039422.3081367
2.775 1701039422.4082236
2.76 1701039422.5087638
2.763 1701039422.6087706
2.85 1701039422.7087953
2.86 1701039422.8081572
2.828 1701039422.9081838
2.766 1701039423.008291
2.818 1701039423.108143
2.84 1701039423.2082226
2.78 1701039423.3081448
2.858 1701039423.408186
2.834 1701039423.5090263
2.72 1701039423.6081407
2.746 1701039423.7080889
2.854 1701039423.8087795
2.861 1701039423.9083161
2.814 1701039424.0069382
2.823 1701039424.1081114
2.849 1701039424.2081728
2.854 1701039424.3086915
2.778 1701039424.4080703
2.723 1701039424.5081284
2.682 1701039424.6081033
2.812 1701039424.708102
2.815 1701039424.8080363
2.769 1701039424.9080832
2.811 1701039425.0080845
2.812 1701039425.1091242
2.826 1701039425.208092
2.769 1701039425.3094227
2.823 1701039425.408072
2.861 1701039425.5080543
2.742 1701039425.608821
2.809 1701039425.709005
2.808 1701039425.8086004
2.816 1701039425.9080384
2.856 1701039426.0081015
2.851 1701039426.109993
2.843 1701039426.2096646
2.844 1701039426.309581
2.83 1701039426.4080539
2.77 1701039426.5080066
2.861 1701039426.6085734
2.857 1701039426.7080758
2.83 1701039426.8080237
2.834 1701039426.9008055
2.848 1701039427.0080285
2.855 1701039427.107959
2.794 1701039427.2079837
2.806 1701039427.3079853
2.821 1701039427.408018
2.824 1701039427.5025387
2.842 1701039427.607966
2.838 1701039427.7082927
2.837 1701039427.807911
2.845 1701039427.9084697
2.856 1701039428.0080945
2.853 1701039428.1079419
2.855 1701039428.207937
2.833 1701039428.3085225
2.752 1701039428.4079175
2.846 1701039428.5078878
2.854 1701039428.6079197
2.757 1701039428.7079456
2.85 1701039428.8084054
2.865 1701039428.9092064
2.816 1701039429.0080886
2.721 1701039429.1089756
2.757 1701039429.2086575
2.704 1701039429.3095293
2.732 1701039429.4078763
2.685 1701039429.507918
2.809 1701039429.6078434
2.809 1701039429.7078595
2.804 1701039429.807911
2.802 1701039429.909295
2.807 1701039430.0078418
2.755 1701039430.1089237
2.693 1701039430.209068
2.737 1701039430.307869
2.779 1701039430.4094765
2.786 1701039430.5094783
2.791 1701039430.609405
2.8 1701039430.7091231
2.847 1701039430.807912
2.819 1701039430.908559
2.775 1701039431.0078356
2.829 1701039431.1007109
2.75 1701039431.207807
2.828 1701039431.3082082
2.821 1701039431.4077928
2.756 1701039431.505244
2.825 1701039431.6093056
2.833 1701039431.7092485
2.845 1701039431.807824
2.711 1701039431.9019005
2.756 1701039432.0044475
2.827 1701039432.0934825
2.822 1701039432.1923795
2.766 1701039432.292705
2.778 1701039432.392615
2.86 1701039432.4931602
2.817 1701039432.5922737
2.822 1701039432.6923664
2.83 1701039432.792472
2.852 1701039432.8925486
2.838 1701039432.992484
2.841 1701039433.0929024
2.742 1701039433.1923711
2.766 1701039433.2924807
2.817 1701039433.39218
2.823 1701039433.4928203
2.777 1701039433.592768
2.77 1701039433.6929936
2.861 1701039433.7927005
2.831 1701039433.8925118
2.861 1701039433.991068
2.778 1701039434.0923219
2.779 1701039434.1926274
2.861 1701039434.2922416
2.768 1701039434.3923433
2.7 1701039434.4910038
2.8 1701039434.5919642
2.807 1701039434.690996
2.817 1701039434.7923493
2.864 1701039434.8874516
2.823 1701039434.9910612
2.829 1701039435.0847414
2.838 1701039435.18859
2.85 1701039435.290947
2.721 1701039435.3855548
2.836 1701039435.4909623
2.728 1701039435.592462
2.766 1701039435.6865995
2.736 1701039435.7927437
2.756 1701039435.8923457
2.824 1701039435.9924805
2.831 1701039436.092274
2.833 1701039436.192377
2.828 1701039436.292529
2.836 1701039436.3930466
2.716 1701039436.4922388
2.813 1701039436.5923638
2.808 1701039436.6929986
2.801 1701039436.7928617
2.757 1701039436.892682
2.794 1701039436.9925334
2.86 1701039437.0922766
2.811 1701039437.1921785
2.82 1701039437.292206
2.829 1701039437.3908715
2.834 1701039437.4921215
2.857 1701039437.590865
2.839 1701039437.6922324
2.826 1701039437.7908533
2.775 1701039437.8921554
2.831 1701039437.9881406
2.759 1701039438.08344
2.855 1701039438.1754577
2.773 1701039438.2758694
2.833 1701039438.3757207
2.772 1701039438.4741478
2.841 1701039438.5756366
2.843 1701039438.6714222
2.835 1701039438.7661974
2.827 1701039438.8663366
2.824 1701039438.9588072
2.828 1701039439.0591092
2.829 1701039439.1593647
2.822 1701039439.2427785
2.826 1701039439.3523748
2.854 1701039439.4424698
2.85 1701039439.542356
2.842 1701039439.6422293
2.763 1701039439.7424707
2.858 1701039439.8394299
2.848 1701039439.9348295
2.857 1701039440.025471
2.86 1701039440.1261208
2.76 1701039440.2255104
2.774 1701039440.3254912
2.774 1701039440.424031
2.724 1701039440.5215456
2.847 1701039440.609241
2.732 1701039440.7088509
2.729 1701039440.808661
2.772 1701039440.9087853
2.826 1701039441.008928
2.824 1701039441.1088593
2.82 1701039441.2087398
2.694 1701039441.3089778
2.733 1701039441.4093058
2.807 1701039441.5092661
2.801 1701039441.6098404
2.692 1701039441.7088158
2.786 1701039441.809366
2.793 1701039441.9073658
2.805 1701039442.0090992
2.81 1701039442.108978
2.803 1701039442.2091837
2.814 1701039442.3090358
2.823 1701039442.4088006
2.866 1701039442.5092
2.706 1701039442.6086495
2.855 1701039442.7085102
2.862 1701039442.8091106
2.843 1701039442.9085636
2.854 1701039443.008801
2.854 1701039443.1092331
2.864 1701039443.2085555
2.879 1701039443.3090537
2.881 1701039443.4084547
2.766 1701039443.5072527
2.863 1701039443.6089706
2.776 1701039443.7089303
2.828 1701039443.8090537
2.833 1701039443.9087572
2.856 1701039444.0090468
2.859 1701039444.1087024
2.833 1701039444.2084188
2.873 1701039444.3090124
2.876 1701039444.408595
2.833 1701039444.5090678
2.809 1701039444.6094887
2.839 1701039444.709317
2.817 1701039444.8087282
2.844 1701039444.909018
2.849 1701039445.00881
2.721 1701039445.1071613
2.844 1701039445.2087216
2.821 1701039445.3089914
2.853 1701039445.4085598
2.85 1701039445.5086234
2.845 1701039445.6085587
2.864 1701039445.7084918
2.86 1701039445.8089533
2.832 1701039445.9087424
2.776 1701039446.0071664
2.699 1701039446.1071663
2.824 1701039446.2017722
2.847 1701039446.3085833
2.84 1701039446.408117
2.743 1701039446.5036392
2.823 1701039446.607162
2.853 1701039446.7071912
2.833 1701039446.805456
2.867 1701039446.907168
2.829 1701039447.0071483
2.83 1701039447.1071215
2.864 1701039447.2019887
2.861 1701039447.305259
2.834 1701039447.4071105
2.657 1701039447.507123
2.646 1701039447.607164
2.846 1701039447.7070956
2.856 1701039447.807184
2.827 1701039447.9072018
2.831 1701039448.007221
2.768 1701039448.107116
2.832 1701039448.2049692
2.83 1701039448.3002863
2.835 1701039448.4070601
2.831 1701039448.508628
2.823 1701039448.6085253
2.827 1701039448.7070346
2.823 1701039448.8005364
2.859 1701039448.9070616
2.762 1701039449.007069
2.848 1701039449.1070004
2.854 1701039449.2070453
2.843 1701039449.307084
2.844 1701039449.407039
2.737 1701039449.5086238
2.862 1701039449.608314
2.863 1701039449.708218
2.82 1701039449.8084133
2.713 1701039449.9085956
2.697 1701039450.0085714
