2.498 1701043624.9315102
2.491 1701043625.031892
2.538 1701043625.132928
2.581 1701043625.231583
2.544 1701043625.3314893
2.545 1701043625.4315312
2.541 1701043625.5312498
2.45 1701043625.6311793
2.462 1701043625.7312632
2.501 1701043625.8172526
2.524 1701043625.9148986
2.597 1701043626.0149548
2.527 1701043626.1146903
2.598 1701043626.2146308
2.547 1701043626.317184
2.567 1701043626.4149585
2.58 1701043626.514717
2.553 1701043626.6145635
2.577 1701043626.7143493
2.545 1701043626.813586
2.5 1701043626.898207
2.573 1701043626.9976797
2.576 1701043627.097699
2.38 1701043627.197825
2.43 1701043627.297982
2.492 1701043627.3982651
2.566 1701043627.4982057
2.51 1701043627.5989358
2.511 1701043627.6975229
2.46 1701043627.796774
2.551 1701043627.8815267
2.536 1701043627.9811063
2.393 1701043628.0810304
2.361 1701043628.181134
2.361 1701043628.2811308
2.234 1701043628.3817177
2.318 1701043628.4813883
2.405 1701043628.5810745
2.456 1701043628.6813233
2.32 1701043628.780975
2.214 1701043628.8813543
2.428 1701043628.9810653
2.435 1701043629.080993
2.656 1701043629.181721
2.207 1701043629.2809498
2.427 1701043629.3808026
2.422 1701043629.4803438
2.419 1701043629.5800765
2.321 1701043629.6644785
2.284 1701043629.7645857
2.297 1701043629.879047
2.364 1701043629.9791114
2.417 1701043630.0790129
2.197 1701043630.1645215
2.405 1701043630.2789865
2.418 1701043630.3789642
2.323 1701043630.4641683
2.322 1701043630.5790186
2.407 1701043630.6643014
2.113 1701043630.7790332
2.391 1701043630.8789976
2.394 1701043630.9790215
2.248 1701043631.0791273
2.28 1701043631.1789067
2.369 1701043631.2788787
2.279 1701043631.3789082
2.388 1701043631.4788973
2.405 1701043631.578876
2.268 1701043631.6789136
2.404 1701043631.778878
2.316 1701043631.8641298
2.29 1701043631.9643588
2.389 1701043632.064015
2.4 1701043632.1640239
2.178 1701043632.2641547
2.371 1701043632.3647437
2.279 1701043632.465165
2.264 1701043632.5646064
2.377 1701043632.6643107
2.401 1701043632.764323
2.197 1701043632.863907
2.38 1701043632.9643536
2.409 1701043633.0639033
2.359 1701043633.1641068
2.264 1701043633.264115
2.43 1701043633.3631742
2.274 1701043633.463128
2.311 1701043633.5631528
2.202 1701043633.6632087
2.335 1701043633.7474432
2.25 1701043633.8474724
2.424 1701043633.9480832
2.278 1701043634.0641932
2.429 1701043634.163212
2.245 1701043634.263208
2.348 1701043634.3630972
2.294 1701043634.4630668
2.355 1701043634.563069
2.358 1701043634.6476097
2.254 1701043634.7620823
2.251 1701043634.8621035
2.344 1701043634.962095
2.357 1701043635.06406
2.31 1701043635.163113
2.312 1701043635.2625635
2.278 1701043635.3630295
2.361 1701043635.4630334
2.359 1701043635.5631554
2.377 1701043635.6473475
2.378 1701043635.7479272
2.397 1701043635.8621275
2.313 1701043635.9621086
2.395 1701043636.0630677
2.425 1701043636.163046
2.398 1701043636.2630227
2.417 1701043636.3630178
2.436 1701043636.463043
2.44 1701043636.5639691
2.438 1701043636.663114
2.373 1701043636.7630424
2.453 1701043636.8631375
2.516 1701043636.962958
2.484 1701043637.0640862
2.5 1701043637.1630106
2.766 1701043637.2629602
2.518 1701043637.363059
2.519 1701043637.462971
2.541 1701043637.5630133
2.551 1701043637.6634307
2.57 1701043637.7631164
2.511 1701043637.8629732
2.604 1701043637.9629564
2.498 1701043638.0640469
2.456 1701043638.162951
2.571 1701043638.2619393
2.572 1701043638.362048
2.545 1701043638.462006
2.504 1701043638.5619736
2.437 1701043638.6619754
2.457 1701043638.747249
2.547 1701043638.848216
2.574 1701043638.9619374
2.556 1701043639.0629885
2.548 1701043639.1629915
2.579 1701043639.2639768
2.534 1701043639.3628812
2.536 1701043639.462889
2.512 1701043639.563978
2.519 1701043639.6629198
2.537 1701043639.7473223
2.512 1701043639.8620014
2.481 1701043639.9476376
2.507 1701043640.0640407
2.518 1701043640.1636875
2.496 1701043640.2635636
2.538 1701043640.36292
2.541 1701043640.4621782
2.543 1701043640.562873
2.543 1701043640.661831
2.427 1701043640.761819
2.51 1701043640.8618343
2.505 1701043640.9471133
2.401 1701043641.062901
2.525 1701043641.162799
2.532 1701043641.2627907
2.533 1701043641.3617928
2.602 1701043641.46181
2.453 1701043641.5617912
2.446 1701043641.661808
2.509 1701043641.7617874
2.462 1701043641.861761
2.53 1701043641.9617808
2.527 1701043642.0627909
2.522 1701043642.162282
2.516 1701043642.2472878
2.425 1701043642.362847
2.425 1701043642.4618065
2.519 1701043642.5617723
2.53 1701043642.66284
2.535 1701043642.7473075
2.534 1701043642.862138
2.509 1701043642.961838
2.53 1701043643.0622358
2.535 1701043643.1471207
2.588 1701043643.2635126
2.574 1701043643.36277
2.516 1701043643.4617465
2.55 1701043643.561703
2.434 1701043643.6616943
2.387 1701043643.761702
2.534 1701043643.8627958
2.588 1701043643.9622111
2.557 1701043644.0637822
2.564 1701043644.1626995
2.403 1701043644.261659
2.402 1701043644.3475986
2.515 1701043644.461938
2.525 1701043644.5619671
2.529 1701043644.6616435
2.532 1701043644.7617056
2.604 1701043644.8473802
2.405 1701043644.9472046
2.484 1701043645.0636857
2.446 1701043645.1628153
2.311 1701043645.2635117
2.281 1701043645.3626533
2.331 1701043645.4626532
2.407 1701043645.5616019
2.294 1701043645.662609
2.313 1701043645.7626264
2.444 1701043645.8626182
2.388 1701043645.962692
2.451 1701043646.0636559
2.238 1701043646.1626256
2.371 1701043646.261558
2.431 1701043646.361574
2.389 1701043646.4470785
2.419 1701043646.5615687
2.391 1701043646.6618235
2.385 1701043646.7616475
2.393 1701043646.8626573
2.292 1701043646.961606
2.288 1701043647.0630846
2.394 1701043647.1631396
2.386 1701043647.2632334
2.338 1701043647.3625739
2.344 1701043647.4626582
2.397 1701043647.5625634
2.263 1701043647.6627378
2.399 1701043647.762606
2.326 1701043647.8615239
2.401 1701043647.946856
2.296 1701043648.0624876
2.324 1701043648.1626742
2.414 1701043648.2615
2.391 1701043648.3624809
2.399 1701043648.4614882
2.412 1701043648.5467415
2.43 1701043648.6466744
2.43 1701043648.7467675
2.744 1701043648.8469517
2.469 1701043648.9467747
2.486 1701043649.0467257
2.491 1701043649.1468425
2.51 1701043649.246875
2.503 1701043649.3471475
2.526 1701043649.447224
2.529 1701043649.5466645
2.499 1701043649.6466815
2.403 1701043649.7467692
2.4 1701043649.8476996
2.499 1701043649.9472036
2.492 1701043650.0471396
2.548 1701043650.147509
2.455 1701043650.2466772
2.546 1701043650.345979
2.532 1701043650.4448159
2.595 1701043650.5299764
2.53 1701043650.63014
2.53 1701043650.7299247
2.439 1701043650.83278
2.498 1701043650.930562
2.504 1701043651.0303142
2.507 1701043651.130112
2.32 1701043651.230147
2.51 1701043651.3297248
2.481 1701043651.4139287
2.508 1701043651.5136075
2.504 1701043651.613354
2.522 1701043651.713412
2.536 1701043651.8156617
2.585 1701043651.9133532
2.508 1701043652.0134676
2.532 1701043652.1132257
2.526 1701043652.2133899
2.534 1701043652.3123326
2.517 1701043652.3971198
2.402 1701043652.4975793
2.5 1701043652.5970464
2.366 1701043652.6969147
2.458 1701043652.796834
2.525 1701043652.8970282
2.536 1701043652.9967053
2.555 1701043653.0966244
2.518 1701043653.1946678
2.458 1701043653.2801669
2.538 1701043653.3799763
2.538 1701043653.4800801
2.587 1701043653.5799897
2.54 1701043653.6801023
2.498 1701043653.779973
2.27 1701043653.8799937
2.393 1701043653.9800363
2.506 1701043654.0799441
2.522 1701043654.1802902
2.529 1701043654.2798657
2.507 1701043654.3804765
2.543 1701043654.4799433
2.477 1701043654.5799818
2.478 1701043654.6802866
2.517 1701043654.7802007
2.523 1701043654.8800616
2.531 1701043654.9799335
2.535 1701043655.0790164
2.467 1701043655.1791353
2.532 1701043655.2789345
2.593 1701043655.3789504
2.556 1701043655.4788535
2.415 1701043655.5789723
2.41 1701043655.6789463
2.445 1701043655.7788608
2.531 1701043655.878835
2.532 1701043655.978924
2.478 1701043656.0778453
2.322 1701043656.177924
2.522 1701043656.2778218
2.476 1701043656.3633409
2.509 1701043656.4788072
2.504 1701043656.578847
2.5 1701043656.67886
2.488 1701043656.7778206
2.453 1701043656.877813
2.431 1701043656.9777842
2.514 1701043657.0777938
2.486 1701043657.1788032
2.504 1701043657.2778616
2.508 1701043657.3779001
2.463 1701043657.479132
2.448 1701043657.5797775
2.504 1701043657.6790924
2.519 1701043657.7798595
2.523 1701043657.8802352
2.527 1701043657.9810476
2.531 1701043658.0803525
2.441 1701043658.179983
2.483 1701043658.2800262
2.466 1701043658.3798108
2.525 1701043658.4788115
2.596 1701043658.5802813
2.538 1701043658.6787956
2.506 1701043658.7778053
2.491 1701043658.8788183
2.469 1701043658.9787154
2.529 1701043659.07772
2.55 1701043659.1629808
2.553 1701043659.2629015
2.559 1701043659.3630426
2.465 1701043659.4631522
2.477 1701043659.5630586
2.514 1701043659.6632674
2.556 1701043659.7633064
2.56 1701043659.8635108
2.569 1701043659.9636285
2.489 1701043660.0634527
2.489 1701043660.1632574
2.418 1701043660.263115
2.496 1701043660.3629727
2.592 1701043660.463249
2.563 1701043660.5628786
2.561 1701043660.6628182
2.43 1701043660.7620237
2.519 1701043660.8609617
2.516 1701043660.947071
2.531 1701043661.061953
2.546 1701043661.1622818
2.558 1701043661.2620525
2.474 1701043661.3619359
2.545 1701043661.4631202
2.43 1701043661.5644038
2.513 1701043661.6631444
2.54 1701043661.763083
2.572 1701043661.8619995
2.449 1701043661.9630103
2.381 1701043662.0633101
2.528 1701043662.1630952
2.537 1701043662.2619345
2.549 1701043662.3619995
2.585 1701043662.4630473
2.557 1701043662.561993
2.554 1701043662.6629822
2.583 1701043662.7620156
2.515 1701043662.8619914
2.548 1701043662.961962
2.551 1701043663.0629923
2.563 1701043663.161898
2.448 1701043663.2619467
2.487 1701043663.361944
2.383 1701043663.4619362
2.549 1701043663.5619218
2.203 1701043663.6623263
2.33 1701043663.762954
2.516 1701043663.8619037
2.216 1701043663.961905
2.399 1701043664.0628724
2.217 1701043664.1618958
2.457 1701043664.2630155
2.423 1701043664.3623796
2.338 1701043664.4617972
2.332 1701043664.5609202
2.411 1701043664.6608067
2.395 1701043664.7608082
2.294 1701043664.8464208
2.329 1701043664.9618814
2.38 1701043665.062898
2.412 1701043665.1629696
2.391 1701043665.2628644
2.402 1701043665.3618526
2.389 1701043665.4617565
2.404 1701043665.5619094
2.402 1701043665.6617577
2.431 1701043665.7607872
2.412 1701043665.846335
2.421 1701043665.946099
2.428 1701043666.0626764
2.288 1701043666.1632624
2.335 1701043666.2625747
2.335 1701043666.3617296
2.4 1701043666.461742
2.31 1701043666.5616996
2.418 1701043666.6617758
2.424 1701043666.761794
2.429 1701043666.8607717
2.415 1701043666.9607406
2.42 1701043667.061708
2.357 1701043667.1607842
2.407 1701043667.2607071
2.419 1701043667.3607252
2.423 1701043667.4617236
2.426 1701043667.5607247
2.649 1701043667.6606574
2.456 1701043667.7606761
2.514 1701043667.8607302
2.426 1701043667.9463892
2.503 1701043668.0628328
2.493 1701043668.161625
2.504 1701043668.2461922
2.509 1701043668.3606186
2.525 1701043668.4606566
2.529 1701043668.5606446
2.51 1701043668.660689
2.457 1701043668.7616358
2.487 1701043668.8616443
2.478 1701043668.9606771
2.579 1701043669.0627332
2.557 1701043669.1627717
2.556 1701043669.262372
2.57 1701043669.3461497
2.586 1701043669.4461057
2.547 1701043669.546213
2.465 1701043669.6615958
2.519 1701043669.7616196
2.583 1701043669.8615377
2.456 1701043669.9612758
2.575 1701043670.062581
2.583 1701043670.162865
2.596 1701043670.261714
2.603 1701043670.3605516
2.619 1701043670.4606113
2.628 1701043670.5615644
2.593 1701043670.6606266
2.485 1701043670.7460845
2.515 1701043670.8458903
2.495 1701043670.9463546
2.569 1701043671.0458095
2.47 1701043671.145946
2.575 1701043671.2459323
2.583 1701043671.3458745
2.551 1701043671.4458187
2.518 1701043671.5460458
2.519 1701043671.6466334
2.332 1701043671.745774
2.37 1701043671.8458192
2.445 1701043671.9461708
2.52 1701043672.0457964
2.384 1701043672.144893
2.505 1701043672.2293878
2.482 1701043672.3315718
2.494 1701043672.4295382
2.5 1701043672.5291655
2.505 1701043672.629594
2.51 1701043672.729321
2.489 1701043672.8315136
2.499 1701043672.929316
2.499 1701043673.0281115
2.506 1701043673.1128886
2.515 1701043673.2127528
2.538 1701043673.3147678
2.559 1701043673.4127884
2.573 1701043673.5126088
2.602 1701043673.612449
2.513 1701043673.7131548
2.477 1701043673.812256
2.336 1701043673.91147
2.458 1701043673.9957106
2.568 1701043674.0958548
2.569 1701043674.1957102
2.569 1701043674.2961767
2.571 1701043674.3965335
2.56 1701043674.4955678
2.571 1701043674.595863
2.573 1701043674.6948056
2.456 1701043674.7937553
2.415 1701043674.8798637
2.471 1701043674.9791598
2.471 1701043675.0796678
2.518 1701043675.179011
2.448 1701043675.2791185
2.511 1701043675.3792832
2.52 1701043675.4789507
2.541 1701043675.5792346
2.585 1701043675.6793656
2.563 1701043675.779593
2.561 1701043675.8796237
2.561 1701043675.9793193
2.452 1701043676.0790825
2.555 1701043676.1792328
2.45 1701043676.2795994
2.51 1701043676.379307
2.55 1701043676.4788768
2.576 1701043676.5780528
2.564 1701043676.662208
2.561 1701043676.762312
2.424 1701043676.8769562
2.198 1701043676.9770403
2.245 1701043677.0770204
2.301 1701043677.1770644
2.224 1701043677.2770727
2.406 1701043677.377035
2.3 1701043677.477045
2.425 1701043677.576945
2.426 1701043677.6769845
2.31 1701043677.7768984
2.378 1701043677.8769748
2.38 1701043677.9769938
2.394 1701043678.0769043
2.381 1701043678.1769156
2.344 1701043678.2768955
2.357 1701043678.3769238
2.356 1701043678.4621024
2.374 1701043678.5768864
2.388 1701043678.676911
2.396 1701043678.7779336
2.413 1701043678.876851
2.415 1701043678.976832
2.364 1701043679.0768642
2.267 1701043679.1769516
2.432 1701043679.2768302
2.403 1701043679.3769104
2.271 1701043679.4768684
2.406 1701043679.5768087
2.403 1701043679.6623538
2.415 1701043679.7768176
2.381 1701043679.8768592
2.302 1701043679.9768844
2.418 1701043680.076992
2.415 1701043680.1768394
2.416 1701043680.2767873
2.322 1701043680.3768046
2.223 1701043680.4768178
2.397 1701043680.576804
2.404 1701043680.6768005
2.42 1701043680.776819
2.432 1701043680.8767712
2.447 1701043680.9767563
2.467 1701043681.0767424
2.47 1701043681.176782
2.483 1701043681.2621467
2.387 1701043681.3623796
2.492 1701043681.4769497
2.514 1701043681.5767877
2.514 1701043681.6627932
2.519 1701043681.7622378
2.6 1701043681.8776855
2.603 1701043681.9767568
2.57 1701043682.0777729
2.48 1701043682.1777534
2.434 1701043682.2781084
2.39 1701043682.3776543
2.476 1701043682.4777627
2.425 1701043682.5775342
2.446 1701043682.6783981
2.53 1701043682.777824
2.515 1701043682.8777046
2.534 1701043682.9766843
2.523 1701043683.076679
2.526 1701043683.162036
2.383 1701043683.2619216
2.485 1701043683.3622286
2.489 1701043683.461906
2.519 1701043683.561933
2.49 1701043683.662372
2.501 1701043683.7618747
2.511 1701043683.8624837
2.519 1701043683.9619565
2.525 1701043684.061959
2.534 1701043684.1622813
2.602 1701043684.2620924
2.543 1701043684.3620203
2.513 1701043684.4618134
2.483 1701043684.5620556
2.543 1701043684.6623178
2.606 1701043684.7620106
2.557 1701043684.8609772
