2.335 1701043836.9570925
2.325 1701043837.0539975
2.341 1701043837.1481495
2.354 1701043837.2427695
2.361 1701043837.3525348
2.422 1701043837.4529204
2.378 1701043837.5470815
2.387 1701043837.6436877
2.395 1701043837.7546248
2.418 1701043837.8529856
2.416 1701043837.9540777
2.438 1701043838.0497231
2.733 1701043838.1519575
2.398 1701043838.2511082
2.36 1701043838.350629
2.389 1701043838.4539554
2.42 1701043838.5490644
2.376 1701043838.6432061
2.39 1701043838.7540133
2.453 1701043838.850868
2.462 1701043838.9517386
2.501 1701043839.052178
2.51 1701043839.1465433
2.464 1701043839.2430358
2.424 1701043839.3532536
2.291 1701043839.447395
2.351 1701043839.5546951
2.385 1701043839.6540723
2.419 1701043839.7476025
2.401 1701043839.8399954
2.417 1701043839.9501667
2.426 1701043840.0554018
2.428 1701043840.1539054
2.436 1701043840.2434049
2.444 1701043840.353179
2.442 1701043840.447328
2.446 1701043840.5414715
2.443 1701043840.6516404
2.322 1701043840.7457893
2.376 1701043840.839929
2.439 1701043840.9496927
2.448 1701043841.0444613
2.456 1701043841.15177
2.469 1701043841.2456162
2.477 1701043841.350762
2.492 1701043841.4450643
2.492 1701043841.5515363
2.491 1701043841.653763
2.511 1701043841.7479117
2.424 1701043841.8420568
2.459 1701043841.9518254
2.494 1701043842.0459735
2.519 1701043842.1401126
2.497 1701043842.2502053
2.512 1701043842.344881
2.414 1701043842.439447
2.501 1701043842.5489864
2.325 1701043842.6437142
2.378 1701043842.7527592
2.38 1701043842.847098
2.42 1701043842.9412847
2.504 1701043843.0510416
2.464 1701043843.1451983
2.495 1701043843.2393916
2.462 1701043843.3480663
2.464 1701043843.442241
2.321 1701043843.5363798
2.457 1701043843.6464207
2.47 1701043843.7405622
2.509 1701043843.8332598
2.394 1701043843.933674
2.494 1701043844.0434403
2.506 1701043844.1375833
2.467 1701043844.2317195
2.394 1701043844.334662
2.431 1701043844.4288044
2.499 1701043844.5384238
2.484 1701043844.6330898
2.496 1701043844.7272296
2.454 1701043844.821626
2.42 1701043844.9310966
2.324 1701043845.0262094
2.491 1701043845.1183412
2.405 1701043845.2126749
2.466 1701043845.3227596
2.472 1701043845.417771
2.482 1701043845.5118623
2.484 1701043845.6060033
2.488 1701043845.7158616
2.414 1701043845.810002
2.489 1701043845.9035206
2.504 1701043846.0051475
2.739 1701043846.1083
2.513 1701043846.202447
2.497 1701043846.296581
2.503 1701043846.4050944
2.515 1701043846.5004492
2.531 1701043846.5949516
2.395 1701043846.6890972
2.318 1701043846.7854228
2.32 1701043846.8843787
2.346 1701043846.9851742
2.392 1701043847.083142
2.063 1701043847.177316
2.453 1701043847.2867863
2.453 1701043847.3812468
2.072 1701043847.4867651
2.18 1701043847.5809212
2.196 1701043847.6750634
2.373 1701043847.784906
2.125 1701043847.8789809
2.342 1701043847.9731932
2.254 1701043848.0832283
2.313 1701043848.1779585
2.132 1701043848.2724793
2.333 1701043848.382693
2.288 1701043848.4806125
2.298 1701043848.5688791
2.025 1701043848.678655
2.278 1701043848.7724605
2.34 1701043848.8666105
2.284 1701043848.9763758
2.165 1701043849.0698483
2.301 1701043849.1640074
2.312 1701043849.2656994
2.314 1701043849.3752182
2.338 1701043849.4697073
2.336 1701043849.5641165
2.354 1701043849.6669023
2.35 1701043849.7610419
2.372 1701043849.8708103
2.42 1701043849.964958
2.38 1701043850.059259
2.383 1701043850.168191
2.413 1701043850.2638953
2.421 1701043850.3571973
2.358 1701043850.4669893
2.317 1701043850.5611486
2.369 1701043850.6698108
2.349 1701043850.7639613
2.441 1701043850.8581057
2.444 1701043850.9678907
2.505 1701043851.0620325
2.444 1701043851.156171
2.352 1701043851.2678342
2.437 1701043851.3603754
2.304 1701043851.470149
2.36 1701043851.5647323
2.367 1701043851.6686456
2.416 1701043851.7673483
2.418 1701043851.8614943
2.416 1701043851.9717026
2.426 1701043852.0663106
2.435 1701043852.160463
2.427 1701043852.2699635
2.45 1701043852.3630137
2.449 1701043852.4572423
2.367 1701043852.566963
2.442 1701043852.6612046
2.441 1701043852.7706614
2.502 1701043852.8650527
2.505 1701043852.959226
2.467 1701043853.0684793
2.471 1701043853.1627285
2.43 1701043853.2568226
2.417 1701043853.3679886
2.33 1701043853.462159
2.4 1701043853.5562909
2.449 1701043853.6649938
2.417 1701043853.7591329
2.449 1701043853.8535047
2.454 1701043853.963283
2.49 1701043854.0574281
2.46 1701043854.154243
2.297 1701043854.2633984
2.452 1701043854.3575363
2.347 1701043854.4496472
2.438 1701043854.5490441
2.418 1701043854.65832
2.42 1701043854.7524533
2.429 1701043854.84944
2.405 1701043854.9509637
2.392 1701043855.045905
2.436 1701043855.1558073
2.285 1701043855.250141
2.292 1701043855.3441737
2.41 1701043855.452158
2.406 1701043855.546298
2.404 1701043855.6404397
2.406 1701043855.751197
2.421 1701043855.845341
2.422 1701043855.939481
2.43 1701043856.0486157
2.432 1701043856.142757
2.419 1701043856.252548
2.321 1701043856.3466923
2.43 1701043856.4408329
2.426 1701043856.5511773
2.435 1701043856.6514797
2.437 1701043856.7453039
2.457 1701043856.839463
2.474 1701043856.9492319
2.48 1701043857.0525558
2.772 1701043857.1470444
2.497 1701043857.2411864
2.461 1701043857.3531537
2.514 1701043857.445861
2.473 1701043857.5537553
2.498 1701043857.650245
2.508 1701043857.7442994
2.507 1701043857.8540719
2.48 1701043857.951003
2.385 1701043858.0451548
2.398 1701043858.1492023
2.341 1701043858.2433388
2.381 1701043858.3531044
2.468 1701043858.4472344
2.408 1701043858.5413918
2.372 1701043858.6515152
2.502 1701043858.7456968
2.516 1701043858.8398364
2.459 1701043858.949603
2.511 1701043859.048385
2.465 1701043859.153417
2.462 1701043859.2475657
2.501 1701043859.3417077
2.347 1701043859.4509685
2.441 1701043859.545125
2.446 1701043859.652721
2.429 1701043859.7479079
2.353 1701043859.850735
2.337 1701043859.9450026
2.382 1701043860.0549262
2.458 1701043860.1492085
2.468 1701043860.2523007
2.47 1701043860.3463895
2.476 1701043860.4496558
2.481 1701043860.5438313
2.48 1701043860.6379702
2.503 1701043860.7521033
2.492 1701043860.846242
2.473 1701043860.940536
2.333 1701043861.048206
2.753 1701043861.150509
2.322 1701043861.253622
2.475 1701043861.3480155
2.414 1701043861.442158
2.351 1701043861.5519264
2.451 1701043861.6460838
2.512 1701043861.7404544
2.478 1701043861.8509078
2.471 1701043861.9450622
2.51 1701043862.0391884
2.468 1701043862.1489546
2.423 1701043862.2430973
2.47 1701043862.3514977
2.516 1701043862.4520016
2.471 1701043862.5463686
2.496 1701043862.6408176
2.463 1701043862.7493045
2.483 1701043862.8533235
2.34 1701043862.94807
2.467 1701043863.0415962
2.317 1701043863.1513772
2.414 1701043863.2524505
2.508 1701043863.3466074
2.406 1701043863.4488764
2.394 1701043863.5430202
2.456 1701043863.6527917
2.453 1701043863.7470624
2.472 1701043863.841221
2.491 1701043863.9505064
2.486 1701043864.0446544
2.469 1701043864.1387875
2.48 1701043864.24856
2.493 1701043864.3458161
2.485 1701043864.4379702
2.432 1701043864.5466464
2.516 1701043864.6407864
2.308 1701043864.7349288
2.474 1701043864.8448424
2.387 1701043864.9389966
2.337 1701043865.0329838
2.427 1701043865.1322446
2.501 1701043865.2420235
2.249 1701043865.3361707
2.25 1701043865.4325407
2.34 1701043865.533834
2.331 1701043865.627975
2.213 1701043865.7221189
2.42 1701043865.831957
2.38 1701043865.9267902
2.305 1701043866.0207458
2.28 1701043866.1142762
2.417 1701043866.22404
2.335 1701043866.318182
2.263 1701043866.411971
2.29 1701043866.5064116
2.334 1701043866.6171827
2.337 1701043866.7113235
2.333 1701043866.8054664
2.339 1701043866.8996077
2.349 1701043867.0098605
2.239 1701043867.102691
2.35 1701043867.1968596
2.366 1701043867.2910314
2.31 1701043867.4012184
2.318 1701043867.4953718
2.359 1701043867.5895169
2.145 1701043867.69765
2.297 1701043867.786303
2.247 1701043867.8798282
2.343 1701043867.9895952
2.354 1701043868.0837567
2.689 1701043868.183638
2.274 1701043868.277779
2.274 1701043868.3875394
2.342 1701043868.4816885
2.228 1701043868.5763223
2.353 1701043868.6867523
2.215 1701043868.784024
2.551 1701043868.8778667
2.356 1701043868.9720204
2.36 1701043869.0817845
2.228 1701043869.1759274
2.366 1701043869.2833924
2.267 1701043869.377537
2.382 1701043869.4716794
2.395 1701043869.5814488
2.11 1701043869.6861513
2.143 1701043869.784469
2.271 1701043869.8789363
2.266 1701043869.9731655
2.337 1701043870.0828464
2.347 1701043870.1769967
2.23 1701043870.2846797
2.342 1701043870.3788316
2.329 1701043870.4729712
2.227 1701043870.5822508
2.319 1701043870.676391
2.332 1701043870.7705321
2.307 1701043870.881565
2.572 1701043870.9757102
2.31 1701043871.085491
2.327 1701043871.1796374
2.354 1701043871.2737815
2.378 1701043871.3833756
2.337 1701043871.4775126
2.401 1701043871.5716522
2.222 1701043871.6814244
2.288 1701043871.775529
2.382 1701043871.8853757
2.424 1701043871.9795196
2.343 1701043872.0736916
2.335 1701043872.183594
2.401 1701043872.278148
2.406 1701043872.3864686
2.414 1701043872.4809785
2.416 1701043872.5751784
2.426 1701043872.6849482
2.397 1701043872.7790902
2.424 1701043872.873234
2.422 1701043872.9821737
2.441 1701043873.0763438
2.444 1701043873.186112
2.46 1701043873.2803295
2.47 1701043873.3744693
2.482 1701043873.484048
2.478 1701043873.5783765
2.47 1701043873.6728926
2.415 1701043873.782655
2.407 1701043873.876798
2.454 1701043873.9706652
2.409 1701043874.0798323
2.464 1701043874.174005
2.48 1701043874.2807817
2.483 1701043874.3702376
2.419 1701043874.480366
2.481 1701043874.5810173
2.4 1701043874.675161
2.453 1701043874.769313
2.453 1701043874.8790805
2.455 1701043874.9734843
2.454 1701043875.0676649
2.641 1701043875.1679342
2.469 1701043875.277208
2.48 1701043875.3713472
2.509 1701043875.4656389
2.492 1701043875.5687416
2.502 1701043875.662895
2.5 1701043875.7726753
2.486 1701043875.8668423
2.353 1701043875.9656105
2.406 1701043876.0747736
2.493 1701043876.1660795
2.496 1701043876.2604015
2.372 1701043876.3701785
2.456 1701043876.4677515
2.432 1701043876.5618918
2.393 1701043876.6666737
2.499 1701043876.7608151
2.398 1701043876.8705873
2.505 1701043876.9655936
2.509 1701043877.0591373
2.451 1701043877.1696246
2.448 1701043877.265793
2.455 1701043877.3599663
2.459 1701043877.46972
2.466 1701043877.5650177
2.473 1701043877.6591556
2.505 1701043877.764806
2.487 1701043877.8589475
2.496 1701043877.9659882
2.488 1701043878.0592408
2.458 1701043878.169859
2.397 1701043878.266885
2.422 1701043878.3608348
2.459 1701043878.4552677
2.49 1701043878.5650432
2.477 1701043878.664845
2.401 1701043878.7682528
2.345 1701043878.8675466
2.463 1701043878.9616985
2.41 1701043879.0558445
2.785 1701043879.165625
2.475 1701043879.2696695
2.427 1701043879.3640704
2.426 1701043879.458261
2.429 1701043879.5682743
2.401 1701043879.662573
2.421 1701043879.7567236
2.502 1701043879.8670568
2.471 1701043879.9617505
2.469 1701043880.0553055
2.47 1701043880.165066
2.504 1701043880.2592232
2.483 1701043880.368286
2.423 1701043880.462433
2.498 1701043880.5565763
2.512 1701043880.6666768
2.508 1701043880.7612672
2.43 1701043880.8684978
2.377 1701043880.9630377
2.486 1701043881.0578513
2.517 1701043881.1676173
2.356 1701043881.2617564
2.494 1701043881.356093
2.418 1701043881.4651213
2.481 1701043881.5592744
2.482 1701043881.6534226
2.477 1701043881.7632346
2.51 1701043881.8573885
2.515 1701043881.9675446
1.936 1701043882.0621467
2.819 1701043882.1564846
2.129 1701043882.2662616
2.276 1701043882.3604882
2.242 1701043882.4693167
2.383 1701043882.56383
2.211 1701043882.658341
2.382 1701043882.7683308
2.25 1701043882.8630278
2.29 1701043882.9571707
2.174 1701043883.0663764
2.343 1701043883.1605198
2.34 1701043883.2648187
2.338 1701043883.3589604
2.086 1701043883.4690363
2.311 1701043883.5658953
2.248 1701043883.6600385
2.296 1701043883.7541957
2.314 1701043883.8645349
2.325 1701043883.9586766
2.317 1701043884.0530329
2.326 1701043884.1629128
2.34 1701043884.2575405
2.333 1701043884.3673227
2.341 1701043884.4615755
2.291 1701043884.5697289
2.359 1701043884.6652257
2.413 1701043884.759437
2.427 1701043884.8691127
2.428 1701043884.9631338
2.392 1701043885.0572982
2.39 1701043885.165921
2.407 1701043885.2600608
2.419 1701043885.354268
2.409 1701043885.4657085
2.342 1701043885.5582602
2.396 1701043885.6681712
2.339 1701043885.7623065
2.365 1701043885.8564498
2.42 1701043885.9671092
2.43 1701043886.065521
2.439 1701043886.1682084
2.446 1701043886.2623549
2.451 1701043886.3566906
2.46 1701043886.4664574
2.38 1701043886.5606034
2.388 1701043886.655237
2.368 1701043886.7653282
2.42 1701043886.8594837
2.377 1701043886.9538276
2.432 1701043887.0635984
2.26 1701043887.1577902
2.436 1701043887.2679222
2.515 1701043887.3614488
2.458 1701043887.4555924
2.417 1701043887.565802
2.515 1701043887.659953
2.454 1701043887.7682602
2.388 1701043887.862881
2.44 1701043887.9654472
2.407 1701043888.0596027
2.435 1701043888.1693668
2.512 1701043888.265755
2.453 1701043888.3643203
2.458 1701043888.4584692
2.469 1701043888.5526433
2.474 1701043888.6629126
2.371 1701043888.757069
2.502 1701043888.865358
2.335 1701043888.9595118
2.429 1701043889.0699043
2.463 1701043889.1680303
2.422 1701043889.261841
2.416 1701043889.369013
2.468 1701043889.4625475
2.474 1701043889.5571818
2.483 1701043889.6669815
2.504 1701043889.7611246
2.488 1701043889.8690515
2.483 1701043889.9644666
2.4 1701043890.0586183
2.758 1701043890.1527748
2.489 1701043890.2625608
2.469 1701043890.3567262
2.414 1701043890.4666164
2.457 1701043890.5608633
2.423 1701043890.6550066
2.345 1701043890.7647762
2.399 1701043890.8589184
2.488 1701043890.9680848
2.485 1701043891.0622306
2.479 1701043891.1565764
2.472 1701043891.2663536
2.431 1701043891.3605034
2.466 1701043891.4681892
2.4 1701043891.5623503
2.472 1701043891.6570046
2.452 1701043891.766776
2.52 1701043891.8637667
2.459 1701043891.9579034
2.47 1701043892.065213
2.478 1701043892.159558
2.486 1701043892.2692268
2.497 1701043892.3656335
2.427 1701043892.4597743
2.399 1701043892.5667677
2.426 1701043892.6609144
2.418 1701043892.7550578
2.429 1701043892.853943
2.423 1701043892.9638884
2.426 1701043893.0679512
2.504 1701043893.162102
2.482 1701043893.2562463
2.499 1701043893.3655174
2.369 1701043893.4596636
2.323 1701043893.5536816
2.41 1701043893.6656208
2.364 1701043893.7597735
2.299 1701043893.8539176
2.432 1701043893.963684
2.435 1701043894.0578287
2.506 1701043894.1657686
2.444 1701043894.2600827
2.448 1701043894.354281
2.456 1701043894.464214
2.649 1701043894.5584898
2.498 1701043894.6674933
2.499 1701043894.7616336
2.496 1701043894.8557737
2.466 1701043894.9648786
2.479 1701043895.0590198
2.495 1701043895.153256
2.508 1701043895.2632022
2.401 1701043895.3573556
2.399 1701043895.4671903
2.491 1701043895.5613527
2.515 1701043895.6650126
2.465 1701043895.7658117
2.517 1701043895.8600044
2.531 1701043895.955223
2.342 1701043896.064736
1.97 1701043896.165234
2.067 1701043896.2694926
2.069 1701043896.3637269
2.035 1701043896.4734018
2.029 1701043896.5675478
2.016 1701043896.6616526
1.964 1701043896.7690976
1.989 1701043896.8636248
