3.466
4.293
3.638
3.382
3.477
3.483
3.458
3.451
3.655
3.914
3.527
3.469
3.351
3.412
3.474
3.473
4.198
4.286
4.095
3.503
3.439
3.509
3.469
3.476
3.473
4.253
4.33
3.467
3.41
3.516
3.396
3.518
3.474
4.16
4.237
4.083
4.303
4.285
3.583
3.54
3.434
3.476
3.474
3.248
3.562
3.554
3.57
3.501
3.471
3.436
4.275
4.332
4.016
3.479
3.377
3.545
3.475
3.454
3.456
4.285
4.317
3.587
3.427
3.309
3.501
3.379
3.486
4.494
4.334
4.052
3.412
3.491
3.592
3.483
3.202
3.475
4.245
3.986
3.47
3.396
3.388
3.425
3.355
3.481
3.299
3.764
4.387
3.378
3.503
3.548
3.42
3.486
3.48
4.16
3.992
3.665
3.57
3.5
3.474
3.345
3.527
4.118
4.298
4.093
3.341
3.396
3.523
3.477
3.481
3.483
4.224
4.29
4.217
3.408
3.47
3.503
3.472
3.475
3.47
3.769
3.794
3.428
3.576
3.505
3.494
3.49
4.337
3.501
3.455
3.479
3.512
3.522
3.447
4.204
3.961
3.487
3.521
3.41
3.475
3.37
3.489
4.233
3.897
4.139
3.653
3.501
3.463
3.49
3.531
3.47
4.109
4.411
3.499
3.411
3.459
3.446
3.286
3.246
4.289
3.882
4.202
3.461
3.453
3.487
3.436
3.39
3.229
4.467
4.043
3.32
3.431
3.562
3.508
3.493
3.487
4.131
4.339
4.522
3.235
3.192
3.453
3.448
3.503
3.271
4.214
3.533
3.711
3.422
3.485
3.474
3.463
4.223
3.427
3.446
3.567
3.355
3.399
3.51
4.322
3.957
3.457
3.442
3.379
3.491
3.414
3.494
4.225
4.292
4.133
3.286
3.426
3.391
3.487
3.505
3.511
4.275
3.945
3.623
3.503
3.42
3.438
3.368
3.325
3.494
3.693
3.686
3.518
3.346
3.495
3.408
3.351
4.463
3.467
3.238
3.957
3.382
3.369
3.416
4.294
4.517
3.374
3.323
3.609
3.413
3.435
3.49
4.181
4.36
4.243
3.53
3.691
3.474
3.499
3.491
3.51
4.127
3.557
3.37
3.338
3.535
3.556
3.438
4.218
3.538
3.584
3.562
3.369
3.449
3.497
4.267
3.994
3.527
3.532
3.476
3.474
3.521
3.475
4.349
4.207
4.071
3.351
3.506
3.469
3.489
3.524
3.515
4.375
4.465
3.507
3.509
3.425
3.436
3.5
3.457
4.286
4.142
4.119
3.42
3.463
3.535
3.526
3.381
3.49
4.337
3.954
3.472
3.403
3.504
3.514
3.508
3.739
4.207
4.443
4.132
3.393
3.463
3.54
3.47
3.493
3.484
4.466
3.966
3.471
3.575
3.438
3.426
3.405
3.512
4.306
4.379
4.15
3.617
3.482
3.554
3.433
3.513
3.859
4.265
3.656
3.62
3.514
3.433
3.368
3.46
3.437
3.336
4.086
4.534
3.606
3.474
3.375
3.516
3.521
3.51
4.488
3.963
3.511
3.513
3.437
3.465
3.445
3.493
4.368
4.428
4.113
3.542
3.456
3.469
3.492
3.374
3.525
4.297
4.282
4.198
3.482
3.459
3.514
3.442
3.311
3.384
4.395
4.021
3.607
3.28
3.499
3.466
3.488
3.484
4.292
3.867
3.582
3.497
3.604
3.485
3.494
3.498
4.045
4.274
4.067
3.492
3.583
3.353
3.467
3.454
3.493
4.208
3.938
3.704
3.475
3.397
3.399
3.502
3.42
3.86
4.169
4.061
3.962
3.115
3.668
3.401
3.494
3.45
4.179
4.298
4.597
3.422
3.471
3.071
2.843
3.423
3.455
4.341
4.032
3.515
3.406
3.417
4.185
4.009
3.364
4.272
4.303
4.142
3.612
3.581
3.535
3.555
3.395
3.407
4.218
3.348
3.464
3.433
3.494
3.397
3.512
4.162
3.559
3.305
3.543
2.967
3.04
3.491
4.283
4.318
3.479
3.555
3.425
3.426
3.353
3.415
4.317
4.466
4.141
3.315
3.434
3.584
3.388
3.44
3.489
4.28
3.956
3.548
3.651
3.558
3.497
3.498
3.436
4.346
4.376
4.121
3.447
3.405
3.561
3.543
3.518
3.502
4.39
3.914
3.542
3.383
3.301
3.175
3.399
3.321
4.297
4.31
4.132
3.39
3.574
3.521
3.468
3.503
3.474
4.232
4.219
3.585
3.497
3.475
3.459
3.511
3.451
4.247
4.263
4.132
3.517
3.504
3.442
3.522
3.427
3.892
4.339
4.002
4.011
3.475
3.316
3.415
3.461
3.558
3.525
4.245
4.381
3.456
3.526
3.413
3.342
3.462
3.482
4.28
4.296
3.576
3.447
3.444
3.512
