3.611
3.817
3.852
3.875
3.892
3.774
3.83
3.988
4.04
3.891
3.872
3.88
3.897
3.891
4.196
3.936
3.994
4.015
3.351
3.409
3.177
3.315
3.387
3.374
3.985
4.055
3.952
3.498
3.236
3.205
3.327
3.336
3.36
3.897
3.592
3.759
3.888
3.758
3.793
3.443
3.406
3.3
3.368
3.342
3.352
3.998
3.624
3.454
3.427
3.444
3.327
3.211
3.75
3.55
3.724
3.861
3.806
4.364
3.288
3.386
3.27
3.216
3.343
3.269
3.888
3.923
3.835
3.778
4.521
3.878
3.937
3.946
3.966
4.0
3.977
3.879
3.895
3.889
3.318
3.711
3.451
3.293
3.368
3.298
3.952
4.004
3.78
3.784
3.862
3.789
3.768
3.418
3.28
3.374
3.399
3.443
3.497
3.662
3.852
4.018
3.842
3.974
3.25
3.366
3.373
3.362
3.381
3.424
3.95
3.263
3.264
3.182
3.337
3.333
3.295
4.009
3.603
3.808
3.755
3.814
3.382
3.3
3.227
3.353
3.36
3.368
3.953
3.663
3.856
3.912
3.991
3.517
3.286
3.311
3.259
3.335
3.27
3.979
3.739
3.816
3.752
3.862
3.316
3.354
3.352
3.357
3.359
3.254
3.865
3.63
3.797
3.854
3.875
3.391
3.563
3.54
3.454
3.237
3.291
3.863
3.298
3.354
3.444
3.371
3.292
3.342
3.933
3.825
3.735
3.877
3.871
3.188
3.339
3.376
3.272
3.368
3.373
3.852
3.601
3.819
3.804
3.962
3.622
3.321
3.304
3.351
3.371
3.353
4.031
3.699
3.859
3.894
3.856
3.241
3.319
3.282
3.259
3.3
3.387
3.913
3.54
3.729
3.762
3.858
3.4
3.28
3.413
3.375
3.093
3.231
3.343
4.038
3.808
3.976
3.971
3.341
3.502
3.193
3.36
3.169
3.324
3.846
4.041
3.772
3.864
3.861
3.417
3.341
3.342
3.335
3.355
3.25
3.386
3.855
3.728
3.901
3.968
3.9
3.894
4.025
3.918
3.88
3.401
3.427
3.457
3.425
3.352
3.35
3.441
3.652
3.8
3.866
3.34
3.244
3.317
3.35
3.347
3.326
3.923
4.11
3.894
4.0
4.021
3.424
3.257
3.399
3.352
3.332
3.267
4.066
3.671
3.923
3.994
3.899
3.371
3.332
3.246
3.349
3.361
3.278
3.985
3.948
3.769
3.895
3.888
3.359
3.378
3.265
3.79
3.144
3.34
3.927
3.938
3.89
3.99
4.059
3.494
3.371
3.232
3.344
3.367
3.357
3.788
3.593
3.812
3.929
3.873
3.879
3.874
3.928
3.885
3.913
3.898
3.99
3.966
3.832
3.952
3.997
4.059
4.074
3.783
3.982
3.869
3.855
3.912
3.895
3.93
3.936
3.899
3.899
3.882
3.893
3.891
3.812
3.863
3.907
3.873
3.891
3.932
3.974
4.029
4.032
3.584
3.465
3.312
3.327
3.266
3.3
3.997
