3.894
3.927
4.657
3.954
3.907
3.896
3.91
3.931
3.963
3.987
3.952
4.02
3.95
3.977
3.82
3.921
3.973
3.822
3.964
3.986
3.987
3.975
4.064
3.936
3.972
3.976
3.972
5.438
3.912
3.959
3.889
3.952
3.898
3.883
3.977
3.981
4.008
3.971
3.991
3.995
4.085
3.912
3.966
3.968
3.971
3.979
3.843
3.852
3.802
3.85
3.999
3.86
4.967
3.979
3.881
3.825
3.952
3.969
3.98
3.879
3.859
3.958
3.972
3.885
3.844
4.067
4.064
4.093
3.871
3.86
3.932
3.933
3.908
3.751
3.856
3.945
3.966
4.069
3.949
4.064
3.977
3.983
3.967
4.759
3.996
3.92
3.886
3.903
3.892
3.986
3.887
4.078
3.811
3.939
3.875
3.895
3.993
3.94
4.072
3.963
3.895
3.838
5.037
4.086
3.908
3.997
3.989
3.988
4.001
4.081
4.006
3.99
3.992
3.987
4.0
3.781
4.081
3.858
3.989
3.892
4.0
3.987
3.873
4.064
3.994
3.906
3.99
4.071
4.067
4.06
3.972
3.969
3.981
4.67
3.95
3.966
3.853
3.999
3.982
3.986
3.919
3.951
3.886
3.896
3.9
3.853
4.058
4.062
3.89
3.881
3.891
3.981
3.905
3.892
4.049
3.994
3.971
4.001
5.011
3.885
4.09
4.033
4.016
4.003
4.028
4.02
4.11
3.938
3.893
3.988
4.014
4.066
3.959
4.115
3.959
4.008
3.97
4.703
4.058
4.113
3.897
3.977
3.908
4.015
3.996
3.984
4.002
3.886
3.989
3.982
4.071
4.079
4.081
4.001
3.997
3.997
3.957
3.926
3.922
3.967
3.867
3.969
4.086
3.856
4.081
4.004
4.014
3.968
5.111
4.045
4.136
4.087
4.05
4.022
3.893
3.884
3.827
3.967
4.109
3.986
4.004
3.998
4.047
3.98
4.02
4.097
3.875
3.986
3.979
4.819
3.979
3.941
4.002
3.873
3.808
3.976
4.082
3.934
3.986
3.972
3.999
3.846
4.116
4.099
4.093
3.953
3.99
4.008
4.099
4.132
3.979
4.009
3.841
3.949
4.575
4.088
4.013
4.022
4.011
3.981
4.595
3.864
3.968
3.966
3.89
3.991
3.996
4.112
4.078
3.991
3.966
3.965
3.979
4.095
3.95
3.992
4.011
3.96
4.013
4.081
4.062
4.086
3.987
3.978
4.007
5.537
4.056
3.953
3.966
3.952
3.97
3.985
4.04
3.68
3.979
3.966
3.979
3.991
3.898
4.022
3.979
3.989
3.982
3.982
4.09
4.059
3.982
3.978
3.996
3.974
4.557
3.908
3.978
3.895
3.965
3.96
3.987
3.945
3.982
3.992
3.94
3.974
4.002
3.97
3.981
4.032
4.025
3.91
3.852
4.078
4.049
4.118
4.04
4.012
4.021
5.161
3.99
3.961
4.018
4.011
4.043
3.915
4.134
4.037
4.099
4.021
4.01
4.001
4.042
3.881
4.102
3.992
3.988
3.888
4.064
3.856
3.986
3.974
4.0
3.97
4.495
4.035
3.933
3.964
3.99
3.98
3.98
4.071
3.978
3.93
3.858
3.936
3.83
4.056
4.08
4.096
3.973
3.992
3.995
3.964
3.968
4.027
3.958
3.893
3.977
5.037
3.908
3.99
4.022
3.998
4.01
3.995
4.036
3.936
3.868
3.99
3.874
3.991
4.064
3.884
3.833
3.863
3.894
3.976
4.606
4.049
3.955
3.982
3.975
3.978
4.304
4.079
4.078
3.978
4.009
4.013
3.957
3.932
3.987
4.078
3.984
3.9
3.997
4.095
4.04
4.114
3.89
3.988
3.749
4.05
4.102
3.933
3.937
4.006
4.022
3.97
4.718
4.102
4.063
4.031
3.998
4.006
4.024
4.131
4.145
3.97
4.047
4.044
4.045
4.051
4.15
4.07
4.035
4.017
3.99
3.871
3.967
4.077
3.882
3.871
3.949
5.31
4.095
4.105
4.012
4.013
3.896
4.893
3.995
4.1
3.97
4.014
4.003
4.02
4.031
4.031
3.816
3.936
3.995
4.002
3.981
4.11
4.101
3.994
3.983
4.0
4.929
3.991
4.078
4.012
3.8
3.885
3.997
4.125
4.157
3.939
4.034
3.871
3.996
3.991
3.907
4.042
3.987
3.985
4.026
3.971
4.121
3.927
3.993
3.988
3.993
4.114
3.959
4.025
4.003
4.013
4.012
4.852
4.087
3.93
4.053
3.856
4.015
4.019
4.021
4.109
3.91
3.995
4.011
3.716
4.091
4.047
4.028
3.852
3.97
4.008
5.064
4.087
4.088
4.005
4.003
3.979
3.968
4.079
4.04
3.727
3.952
3.987
4.042
3.984
4.08
3.954
3.953
3.775
3.971
3.88
4.046
3.824
3.987
3.966
3.978
4.511
4.01
4.15
4.064
4.048
4.043
4.052
3.942
4.11
4.029
4.056
3.968
4.067
4.006
3.918
3.827
4.0
3.858
3.979
3.961
4.054
4.049
4.006
4.008
3.975
3.956
4.132
3.839
4.033
3.535
4.029
4.869
4.055
4.134
3.942
4.057
4.001
3.996
3.87
3.971
4.123
4.025
3.943
3.965
3.924
3.887
3.694
3.87
3.961
3.962
4.469
3.842
3.818
3.743
3.882
3.88
4.043
4.11
3.974
4.061
3.77
3.959
3.935
4.067
4.055
3.983
3.957
3.949
3.974
4.062
3.924
3.869
3.808
3.923
3.744
5.083
3.924
4.044
3.978
3.984
4.01
3.956
3.87
3.895
3.979
3.975
3.982
3.88
3.979
4.094
4.055
3.861
3.986
3.963
3.983
5.574
3.85
4.112
3.815
3.954
3.95
3.976
4.028
3.686
4.066
3.999
3.744
3.864
3.943
3.73
4.074
3.981
3.98
3.983
4.094
3.74
3.877
3.991
3.959
4.04
4.541
4.115
3.933
4.068
3.974
3.999
3.99
3.906
3.971
4.069
3.981
4.009
3.976
3.723
3.817
3.963
3.893
3.819
3.907
5.378
3.806
4.067
3.944
3.976
3.981
4.007
4.061
3.741
3.982
3.874
4.01
3.965
3.985
3.895
3.892
3.728
3.987
3.762
4.106
3.805
4.057
3.772
3.99
3.807
4.896
3.811
3.816
3.904
4.019
4.002
4.412
3.796
3.813
4.074
4.026
4.048
3.954
4.073
4.085
3.982
3.98
3.586
4.324
3.948
4.037
4.142
4.034
4.015
4.019
5.555
3.963
3.731
3.826
3.982
3.801
3.805
3.993
3.91
4.069
3.782
4.012
3.963
3.944
4.083
4.108
3.953
3.985
3.933
3.702
4.076
4.099
4.0
3.99
3.971
4.687
4.095
4.117
3.886
4.034
4.061
4.076
3.892
4.087
3.954
3.997
3.973
3.952
4.065
4.117
4.078
3.731
3.901
3.932
4.012
3.837
4.099
3.82
4.001
4.014
5.473
4.12
4.074
3.815
3.988
3.81
4.385
3.636
4.045
3.902
4.002
3.831
3.767
3.986
3.952
3.922
4.01
3.986
4.026
3.822
4.072
3.899
3.861
3.905
3.888
4.806
3.936
3.933
3.753
3.862
3.789
3.904
4.047
3.993
4.033
4.02
4.014
3.991
4.077
3.95
3.935
3.808
4.008
4.038
4.048
4.122
3.986
3.952
3.971
3.978
5.213
3.97
3.862
3.982
3.772
3.975
3.756
3.991
4.081
3.983
3.961
4.002
3.996
3.929
3.976
3.92
3.983
3.982
3.995
4.11
4.155
3.897
3.711
3.907
3.876
3.982
3.884
4.074
4.117
3.832
3.991
4.281
4.019
4.113
3.964
3.995
4.018
3.997
4.01
4.119
3.929
4.092
3.975
4.008
3.961
5.392
4.078
4.078
3.9
3.856
3.967
3.987
3.789
4.088
4.058
3.968
3.974
4.003
3.991
4.006
3.879
3.96
3.795
3.951
4.07
4.098
4.037
3.984
4.002
3.952
4.85
4.041
3.99
4.045
4.032
4.017
4.027
4.036
4.152
4.119
4.056
4.061
3.995
4.067
4.02
3.953
4.057
4.067
4.026
3.824
3.8
3.727
3.894
3.757
3.951
5.331
4.116
4.133
4.062
3.936
3.902
4.002
3.915
4.035
3.966
3.82
3.953
3.99
3.925
4.089
4.105
4.061
3.84
4.036
4.091
3.959
3.88
4.009
4.023
4.008
4.924
4.11
4.065
3.96
4.047
4.041
4.06
3.969
3.939
3.936
4.049
4.068
4.047
4.035
3.948
4.156
4.058
4.058
4.028
3.987
4.06
3.926
4.056
4.07
3.991
5.25
3.928
4.112
4.044
4.067
4.073
3.944
3.943
4.036
4.019
3.93
4.072
3.969
4.058
4.168
3.99
4.079
4.043
4.01
3.809
4.103
3.956
4.014
3.971
4.039
4.985
3.759
4.116
3.801
4.083
3.966
4.059
4.147
3.88
4.036
4.026
3.819
3.993
3.919
3.96
4.099
3.984
3.884
3.981
4.012
3.986
3.993
3.899
4.042
3.903
5.14
3.963
3.98
3.989
3.941
4.021
4.023
3.963
3.876
3.937
4.017
4.021
3.889
3.952
4.137
4.08
4.064
4.042
3.979
3.806
3.904
4.114
3.951
3.977
3.84
5.231
4.047
3.86
3.969
3.956
3.568
4.838
3.667
3.63
3.349
3.474
3.47
3.415
3.449
3.433
3.425
3.43
3.433
