3.088
3.06
3.034
3.08
3.092
3.025
3.077
3.016
3.118
2.947
2.974
3.383
3.094
3.12
3.142
3.025
3.037
3.09
2.9
3.025
2.981
3.117
3.101
3.132
3.113
2.844
3.094
3.098
3.375
3.119
3.081
3.065
3.145
3.035
3.111
3.121
3.076
3.074
3.145
2.959
3.091
2.805
2.971
3.09
3.0
3.057
3.056
3.086
2.976
2.978
3.078
3.107
3.108
3.079
3.074
3.09
2.984
2.998
3.117
2.966
3.145
2.978
3.114
3.068
3.074
3.094
2.981
2.947
3.076
2.952
3.07
3.09
3.011
3.092
3.063
3.066
3.021
2.976
3.022
3.489
3.03
3.087
3.07
3.102
2.934
3.109
3.08
3.015
3.101
2.97
2.93
3.123
3.106
3.115
3.071
3.094
3.081
3.084
2.971
3.116
3.126
2.92
3.072
3.077
2.863
3.068
3.073
2.977
2.952
3.026
3.111
3.098
2.847
3.026
3.023
2.853
3.02
3.076
3.153
3.138
3.102
2.993
3.116
3.107
3.036
3.072
3.022
2.993
3.108
3.108
2.984
3.001
3.026
3.018
3.031
3.035
3.399
3.024
3.117
3.115
2.953
2.865
2.958
2.942
2.945
3.013
2.906
3.06
3.107
3.122
3.109
3.099
3.12
3.126
3.121
3.104
3.108
3.03
3.043
3.045
3.068
3.067
3.088
2.838
3.01
2.902
3.031
2.909
3.119
2.814
3.099
3.103
2.892
3.063
3.068
3.093
3.109
3.119
3.092
3.019
3.101
2.805
3.053
2.815
3.018
3.008
2.847
2.774
3.088
3.1
3.129
3.102
3.074
3.06
3.039
3.049
3.084
3.088
2.987
3.063
2.991
3.037
3.047
2.893
3.061
3.076
2.948
3.085
3.077
3.062
3.009
3.052
3.023
3.321
3.016
3.074
2.853
2.833
2.927
2.936
3.048
2.879
3.039
2.847
3.122
3.002
3.11
3.09
2.868
2.961
3.084
2.922
2.967
3.07
3.064
2.922
2.976
2.922
2.824
3.057
3.086
3.104
3.146
3.077
2.996
2.943
3.011
3.09
3.045
3.003
3.056
3.118
3.076
2.904
3.064
2.959
3.091
3.098
3.1
3.032
2.997
3.116
3.068
3.091
3.095
3.054
3.064
3.107
3.134
3.122
3.091
3.11
3.152
3.091
3.081
3.065
3.097
3.098
3.103
3.09
3.033
3.489
3.081
2.943
3.079
3.025
3.032
3.1
3.016
3.095
3.042
3.088
2.877
2.968
3.105
3.026
3.11
3.099
3.138
3.085
2.933
3.085
2.994
2.867
2.949
3.094
2.966
2.792
3.039
3.002
2.992
3.082
3.105
3.101
2.97
3.084
3.077
3.069
3.09
2.866
3.09
3.108
3.148
3.076
3.106
3.097
3.019
3.117
2.953
2.952
3.025
2.994
3.104
3.12
2.861
3.107
3.085
3.018
3.061
3.086
3.086
3.106
3.096
2.972
2.909
3.021
3.058
3.112
2.951
3.109
3.074
3.075
3.05
3.007
3.061
3.072
3.1
3.074
3.094
2.783
3.064
2.779
2.853
3.082
3.089
2.896
3.061
3.081
2.814
3.082
3.04
2.965
3.078
3.074
2.85
3.054
3.068
3.085
2.994
2.987
3.01
3.075
3.099
2.75
2.934
3.099
3.38
3.141
3.11
3.123
2.919
2.986
3.019
3.051
2.843
2.968
2.775
3.049
3.051
3.094
3.074
3.137
3.107
3.077
2.928
2.993
3.009
2.965
3.107
3.095
3.098
3.013
3.094
2.947
2.827
2.999
2.967
2.926
2.919
2.856
3.038
3.054
3.063
3.096
3.147
2.906
3.114
3.089
3.089
3.091
2.979
3.04
3.04
3.08
2.887
3.088
3.066
3.115
3.135
3.13
3.074
3.065
3.009
3.106
2.977
3.113
3.102
3.122
2.886
3.085
3.077
2.809
3.066
3.086
3.101
3.103
2.988
3.093
3.075
3.084
3.076
3.086
2.941
3.094
3.1
3.086
3.12
3.085
3.084
3.094
3.109
2.991
2.924
3.038
3.044
3.059
3.065
2.997
3.056
3.051
3.077
3.101
2.912
3.131
3.027
2.941
3.063
2.957
3.088
3.098
2.823
3.112
3.105
3.024
3.093
2.952
3.001
3.069
2.908
3.035
3.023
2.993
3.036
3.059
3.087
2.973
2.866
3.045
3.054
2.953
2.907
3.077
3.066
3.007
3.071
3.043
2.952
3.037
3.011
3.019
2.97
3.11
3.096
3.103
3.096
3.004
3.087
2.926
3.014
3.086
3.1
3.112
3.099
3.114
3.075
3.096
3.001
2.942
3.025
3.031
3.039
2.948
3.118
3.068
2.988
2.908
2.986
3.039
3.058
3.084
3.006
3.084
3.086
3.038
3.076
3.032
3.067
3.052
3.025
2.936
3.034
3.03
2.953
3.021
3.065
3.053
3.045
3.06
3.087
3.031
3.086
3.085
3.035
3.078
3.074
3.126
2.947
3.105
3.019
2.906
3.062
3.063
3.052
3.028
2.973
3.081
3.091
2.973
3.059
3.067
3.124
3.013
3.053
2.981
3.072
3.099
3.111
2.991
3.085
3.074
3.095
3.113
3.124
3.11
3.113
3.463
3.102
2.866
3.083
2.866
3.07
3.068
2.996
2.997
3.082
3.026
3.025
3.063
3.034
3.112
3.085
2.847
3.127
2.903
2.759
3.483
3.032
3.035
2.961
2.993
3.06
2.961
3.015
3.017
3.124
2.939
3.116
3.09
2.991
3.093
3.063
3.031
3.052
3.067
3.094
3.112
3.098
3.062
2.977
3.069
3.012
3.063
2.974
2.945
2.927
2.906
3.031
3.059
3.032
3.397
3.102
2.981
2.994
3.062
