3.847
3.885
3.845
5.224
4.105
3.891
3.924
3.869
3.883
3.804
4.496
3.871
3.978
3.93
3.942
3.836
3.866
3.803
3.743
4.147
3.951
4.002
3.793
4.822
5.216
3.849
3.925
3.889
3.879
3.871
3.793
4.677
4.05
3.834
3.904
3.892
3.863
3.858
3.824
3.979
3.963
3.876
3.9
3.935
3.956
4.084
4.087
3.815
3.791
3.87
5.076
3.998
3.993
3.971
3.862
3.88
3.864
5.057
3.808
4.041
3.933
3.803
3.801
3.865
3.95
3.937
3.989
3.96
3.904
3.977
5.274
5.21
3.888
3.8
3.882
3.868
3.905
4.311
3.92
3.924
3.873
3.888
3.871
3.866
3.953
3.892
3.74
3.705
3.818
3.823
3.899
3.806
4.037
3.952
3.829
3.869
5.078
3.921
3.815
3.884
3.873
3.81
3.85
3.984
3.839
3.859
3.781
3.835
3.838
4.577
3.909
3.88
3.839
3.875
3.915
5.182
4.13
3.876
3.829
3.889
3.708
3.88
3.756
3.801
3.942
3.882
3.772
3.86
5.188
3.984
3.792
3.888
3.823
3.852
3.863
3.858
3.865
3.966
3.918
3.996
3.941
3.865
3.839
3.949
3.864
3.89
3.86
5.342
3.937
3.83
3.898
3.875
3.862
3.858
3.841
3.896
3.979
3.897
3.955
3.976
5.147
3.797
3.834
3.87
3.877
3.86
3.898
5.042
4.021
3.728
3.863
3.877
3.857
3.875
5.053
3.912
3.89
3.881
3.798
3.929
3.976
3.828
3.951
3.877
3.925
3.904
3.894
3.992
3.96
3.977
3.89
3.892
3.895
5.165
3.819
3.885
3.824
3.823
3.899
3.853
3.963
3.827
3.97
3.946
3.996
3.875
5.275
3.906
3.909
3.885
3.869
3.859
3.868
3.992
3.962
3.8
3.868
3.905
3.892
4.647
3.833
3.855
3.853
3.905
3.89
3.904
4.083
4.075
4.038
3.867
3.958
3.88
5.041
3.714
3.919
3.905
3.891
3.881
3.873
3.77
3.736
3.932
3.866
3.726
3.882
3.972
3.988
3.803
3.714
3.871
3.916
4.574
3.95
3.837
3.774
3.887
3.851
3.9
3.756
3.77
3.961
3.697
3.838
3.754
3.952
3.962
3.835
3.89
3.907
3.895
5.131
3.932
3.746
3.904
3.936
3.984
4.023
3.823
3.855
3.669
3.788
3.868
3.864
4.009
3.905
3.888
3.865
3.885
3.886
4.298
3.964
3.991
3.815
3.896
3.869
3.848
4.193
4.048
3.928
3.984
4.029
3.971
4.413
3.764
3.969
3.912
3.883
3.809
3.797
4.027
4.02
3.957
3.876
3.822
3.895
5.235
3.98
3.758
3.954
3.792
3.91
3.898
3.907
4.076
4.103
3.838
3.783
3.779
3.937
3.939
3.949
3.881
3.713
3.716
4.777
3.963
4.0
3.898
3.907
3.871
3.915
3.867
3.985
4.074
3.913
3.944
3.951
4.155
3.862
3.851
3.908
3.782
3.891
4.308
4.011
3.849
3.856
3.868
3.79
3.853
4.032
4.036
3.937
3.848
3.908
3.895
4.778
3.903
4.012
3.972
3.952
4.03
3.908
3.905
4.051
3.947
3.751
3.878
3.869
3.977
3.983
3.752
3.769
3.833
3.779
3.771
3.974
3.89
3.787
3.87
3.781
3.987
4.009
4.046
3.948
4.012
3.818
4.477
4.003
4.048
3.797
3.943
3.817
3.9
5.084
3.957
3.753
3.983
3.904
3.743
3.767
3.967
3.865
3.969
3.89
3.926
3.959
4.878
3.993
4.038
3.835
3.765
3.876
3.887
3.995
3.831
3.818
3.797
3.784
3.91
3.976
3.867
3.948
3.893
3.936
3.952
3.758
3.986
3.955
3.957
3.875
4.016
4.964
3.876
3.887
3.894
3.892
3.891
3.91
3.801
3.95
3.985
